%%MatrixMarket matrix coordinate real general
%
 144         144         8640
 1           1           1.1773494804998659   
 2           1           4.5396872295786796E-003   
 3           1           4.5396854910153342E-003   
 4           1           2.0401093841423698E-003   
 5           1           0.45373673358239941  
 6           1           3.1824948471323444E-003   
 7           1           3.1824955062857039E-003   
 8           1           -0.46031200289600349 
 9           1           -8.8638569994130834E-002  
 10          1           5.9800591472697904E-004   
 11          1           5.9800553604648376E-004   
 12          1           0.10080571219519789  
 13          1           2.9815964454000664E-002   
 14          1           -6.3199777661945909E-004  
 15          1           -6.3199742130117865E-004  
 16          1           -3.2151829650640701E-002  
 17          1           -1.0109978925779091E-002  
 18          1           -7.1749838878719006E-005  
 19          1           -7.1749415762604256E-005  
 20          1           1.0754491253715758E-002   
 21          1           3.6121880521208381E-003   
 22          1           4.1976997979931662E-004   
 23          1           4.1976986075632322E-004   
 24          1           -3.8019847557189297E-003  
 25          1           -1.3334708822251432E-003  
 26          1           3.4999613324795704E-005   
 27          1           3.4999307922267533E-005   
 28          1           1.3961946845398537E-003   
 29          1           5.0394900229123476E-004   
 30          1           -3.7369495565435322E-004  
 31          1           -3.7369476367048854E-004  
 32          1           -5.2364419688108563E-004  
 117         1           5.0426112226517172E-004   
 118         1           -3.9385286959201323E-004  
 119         1           -3.9385269207264093E-004  
 120         1           5.3035772872717124E-004   
 121         1           -1.3334316346634823E-003  
 122         1           3.4716310317367815E-005   
 123         1           3.4716466587535885E-005   
 124         1           -1.4122487455486047E-003  
 125         1           3.6224054654138416E-003   
 126         1           4.4524651429142580E-004   
 127         1           4.4524618537402326E-004   
 128         1           3.8600603192401857E-003   
 129         1           -1.0119724652935459E-002  
 130         1           -6.7424631801610239E-005  
 131         1           -6.7424799535425290E-005  
 132         1           -1.0884516899483290E-002  
 133         1           2.9815532915461143E-002   
 134         1           -7.3646008383583214E-004  
 135         1           -7.3645935595119481E-004  
 136         1           3.2525365167214951E-002   
 137         1           -8.9099777769048066E-002  
 138         1           3.8591031828032646E-004   
 139         1           3.8591163912406369E-004   
 140         1           -0.10281507978819671 
 141         1           0.45270612806732935  
 142         1           2.8019421937418272E-003   
 143         1           2.8019424636955116E-003   
 144         1           0.46542938823709196  
 1           2           4.5396872295786796E-003   
 2           2           0.89803716895124197  
 3           2           -3.1565507513030765E-004  
 4           2           -9.6749598947430367E-005  
 5           2           3.3644350500562745E-003   
 6           2           0.56654809712802900  
 7           2           -1.7527397266161679E-004  
 8           2           -6.6495734869074000E-004  
 9           2           6.9146424815277321E-004   
 10          2           -1.0283822296154911E-002  
 11          2           -4.7160213669844244E-005  
 12          2           -7.8831446469070565E-004  
 13          2           -7.3645765868443917E-004  
 14          2           -0.20283971925762145 
 15          2           7.0078808393234909E-005   
 16          2           5.5204095747379909E-005   
 17          2           -1.2885105037322336E-004  
 18          2           8.0810542669081508E-003   
 19          2           -1.5999923490500610E-005  
 20          2           2.0901528439515657E-004   
 21          2           3.2898302984738360E-004   
 22          2           0.12660755298195728  
 23          2           -3.3333055893949856E-005  
 24          2           5.8445379948788544E-005   
 25          2           3.4698771787772518E-005   
 26          2           -7.1589636610915270E-003  
 27          2           1.3446412824889319E-005   
 28          2           -1.0914451370343681E-004  
 29          2           -3.4475795451671969E-004  
 30          2           -0.10030088470171163 
 31          2           4.1030604707583830E-005   
 32          2           -6.2401317121146509E-005  
 117         2           -3.2675176211211041E-004  
 118         2           -0.10034651359780904 
 119         2           3.8373741262394253E-005   
 120         2           8.2660226850235318E-005   
 121         2           3.4996188233880395E-005   
 122         2           -7.1640864612859071E-003  
 123         2           1.3446681307974719E-005   
 124         2           1.1470717573482702E-004   
 125         2           3.8568936322828571E-004   
 126         2           0.12681277627424392  
 127         2           -3.6094017674912610E-005  
 128         2           -3.5150573561444366E-005  
 129         2           -1.1470743167148168E-004  
 130         2           7.8111378967720387E-003   
 131         2           -1.4496129440429829E-005  
 132         2           -2.1862557340750595E-004  
 133         2           -6.3199966756555075E-004  
 134         2           -0.20284167519824298 
 135         2           7.0080806098237348E-005   
 136         2           1.0432926421728818E-004   
 137         2           5.5023666197336800E-004   
 138         2           -1.2153861118746412E-002  
 139         2           -3.6285127981785348E-005  
 140         2           6.6877584759834473E-004   
 141         2           3.4044614913919776E-003   
 142         2           0.56667759662637163  
 143         2           -1.7177704413389740E-004  
 144         2           6.9789457296788344E-004   
 1           3           4.5396854910153342E-003   
 2           3           -3.1565507513030765E-004  
 3           3           0.89803716831647007  
 4           3           -9.6748753970188640E-005  
 5           3           3.3644346795381999E-003   
 6           3           -1.7527182197142946E-004  
 7           3           0.56654809650172955  
 8           3           -6.6495756778363400E-004  
 9           3           6.9146474524928853E-004   
 10          3           -4.7159786508598741E-005  
 11          3           -1.0283823526664881E-002  
 12          3           -7.8831487394795418E-004  
 13          3           -7.3645693080501393E-004  
 14          3           7.0078837376948058E-005   
 15          3           -0.20283971866638112 
 16          3           5.5203908325375859E-005   
 17          3           -1.2885070824878944E-004  
 18          3           -1.5999906170426060E-005  
 19          3           8.0810544521582213E-003   
 20          3           2.0901527750722673E-004   
 21          3           3.2898311226163383E-004   
 22          3           -3.3332831395192490E-005  
 23          3           0.12660755286980399  
 24          3           5.8445305468313222E-005   
 25          3           3.4698928093006668E-005   
 26          3           1.3446394607425664E-005   
 27          3           -7.1589637137680507E-003  
 28          3           -1.0914453563014336E-004  
 29          3           -3.4475789636217687E-004  
 30          3           4.1030290350271412E-005   
 31          3           -0.10030088478331405 
 32          3           -6.2401391704013817E-005  
 117         3           -3.2675175905494115E-004  
 118         3           3.8373493436260622E-005   
 119         3           -0.10034651364824271 
 120         3           8.2660130466906482E-005   
 121         3           3.4995882798012351E-005   
 122         3           1.3446699529686709E-005   
 123         3           -7.1640865140009200E-003  
 124         3           1.1470723704068230E-004   
 125         3           3.8568935077330454E-004   
 126         3           -3.6093670895583535E-005  
 127         3           0.12681277627365214  
 128         3           -3.5150459531660053E-005  
 129         3           -1.1470703679044538E-004  
 130         3           -1.4496137288894827E-005  
 131         3           7.8111377344659318E-003   
 132         3           -2.1862558733573741E-004  
 133         3           -6.3199931223363061E-004  
 134         3           7.0080777114515905E-005   
 135         3           -0.20284167460698049 
 136         3           1.0432906039287853E-004   
 137         3           5.5023743237457340E-004   
 138         3           -3.6284817902397482E-005  
 139         3           -1.2153861030682153E-002  
 140         3           6.6877593376501391E-004   
 141         3           3.4044602715806766E-003   
 142         3           -1.7177535741109019E-004  
 143         3           0.56667759609741086  
 144         3           6.9789426289294690E-004   
 1           4           2.0401093841423698E-003   
 2           4           -9.6749598947430367E-005  
 3           4           -9.6748753970188640E-005  
 4           4           0.76004461589780792  
 5           4           0.46640105455461112  
 6           4           4.8910851167615677E-004   
 7           4           4.8911022377002384E-004   
 8           4           -0.46016247855312598 
 9           4           -0.10272124680391814 
 10          4           5.0112905262747671E-004   
 11          4           5.0112950855210354E-004   
 12          4           0.10552390773766950  
 13          4           3.2525713242513958E-002   
 14          4           1.0433098760811586E-004   
 15          4           1.0433078379011622E-004   
 16          4           -3.2561247491290385E-002  
 17          4           -1.0919004058369671E-002  
 18          4           -2.0288760668457344E-004  
 19          4           -2.0288756660280752E-004  
 20          4           1.0869670905005738E-002   
 21          4           3.8588184759939621E-003   
 22          4           -3.9825022900504314E-005  
 23          4           -3.9824892835664183E-005  
 24          4           -3.8386880319933193E-003  
 25          4           -1.4122683322207044E-003  
 26          4           1.1470620007812919E-004   
 27          4           1.1470626137738863E-004   
 28          4           1.4068416230438086E-003   
 29          4           5.3196428944626600E-004   
 30          4           6.9312068995126239E-005   
 31          4           6.9311838502280942E-005   
 32          4           -5.2270036753095713E-004  
 117         4           -5.2580611870491891E-004  
 118         4           -2.1108887165284210E-005  
 119         4           -2.1108955571891941E-005  
 120         4           -5.2323155408565462E-004  
 121         4           1.3961936202530056E-003   
 122         4           -1.0914289159812709E-004  
 123         4           -1.0914291354078358E-004  
 124         4           1.4068612224861702E-003   
 125         4           -3.8254493243398461E-003  
 126         4           -3.8514417612856498E-005  
 127         4           -3.8514361511227133E-005  
 128         4           -3.8527045989292788E-003  
 129         4           1.0805311949156973E-002   
 130         4           1.9278413464997557E-004   
 131         4           1.9278406801477273E-004   
 132         4           1.0877886561315360E-002   
 133         4           -3.2151767989561576E-002  
 134         4           5.5207853787612700E-005   
 135         4           5.5207666344297287E-005   
 136         4           -3.2561284238092701E-002  
 137         4           0.10192353900740272  
 138         4           -3.2984319942637886E-004  
 139         4           -3.2984351802396218E-004  
 140         4           0.10618593809010859  
 141         4           -0.46175251286970265 
 142         4           -3.5007670709239522E-004  
 143         4           -3.5007615564308441E-004  
 144         4           -0.46077867858856109 
 1           5           0.45373673358239941  
 2           5           3.3644350500562745E-003   
 3           5           3.3644346795381999E-003   
 4           5           0.46640105455461112  
 5           5           1.1743404716417480   
 6           5           4.4942349367421619E-003   
 7           5           4.4942361751363425E-003   
 8           5           3.7400559140108930E-003   
 9           5           0.45270199624724505  
 10          5           3.1854504648721211E-003   
 11          5           3.1854510401750618E-003   
 12          5           -0.46146310291571901 
 13          5           -8.9100774888127510E-002  
 14          5           5.5026346552554286E-004   
 15          5           5.5026423590642413E-004   
 16          5           0.10192326751822325  
 17          5           3.0119006126424569E-002   
 18          5           -5.7810913985603283E-004  
 19          5           -5.7810918168527364E-004  
 20          5           -3.2333699736299661E-002  
 21          5           -1.0107747560476416E-002  
 22          5           -3.8943865897919037E-005  
 23          5           -3.8944211810717984E-005  
 24          5           1.0741783945065047E-002   
 25          5           3.6225041158593208E-003   
 26          5           3.8567614876931463E-004   
 27          5           3.8567613629292871E-004   
 28          5           -3.8254436158759041E-003  
 29          5           -1.3443928084440049E-003  
 30          5           7.8639971067467069E-006   
 31          5           7.8642161560235727E-006   
 32          5           1.4017490692546986E-003   
 33          5           5.0338945695540464E-004   
 34          5           -3.6201687625323490E-004  
 35          5           -3.6201681502927757E-004  
 36          5           -5.2338655434872906E-004  
 121         5           5.0393543403964977E-004   
 122         5           -3.4478861788705847E-004  
 123         5           -3.4478855971478662E-004  
 124         5           5.3195827333489044E-004   
 125         5           -1.3443594734168084E-003  
 126         5           6.8876860349584905E-005   
 127         5           6.8876602518068921E-005   
 128         5           -1.4204338228586948E-003  
 129         5           3.6483604875946407E-003   
 130         5           3.5252716530119010E-004   
 131         5           3.5252703872548771E-004   
 132         5           3.8848597544344937E-003   
 133         5           -1.0109835571490960E-002  
 134         5           -1.2886686952378359E-004  
 135         5           -1.2886652737923338E-004  
 136         5           -1.0918892418077265E-002  
 137         5           3.0118626538187452E-002   
 138         5           -4.8080732514002729E-004  
 139         5           -4.8080705661961766E-004  
 140         5           3.2727656404543656E-002   
 141         5           -8.8917537371376365E-002  
 142         5           8.6641948269132484E-004   
 143         5           8.6641945184835821E-004   
 144         5           -0.10280935641934721 
 1           6           3.1824948471323444E-003   
 2           6           0.56654809712802900  
 3           6           -1.7527182197142946E-004  
 4           6           4.8910851167615677E-004   
 5           6           4.4942349367421619E-003   
 6           6           0.89937725821633296  
 7           6           -2.9940424552874129E-004  
 8           6           -8.8103872446115183E-005  
 9           6           3.0636116375901629E-003   
 10          6           0.57267639766232581  
 11          6           -2.5314306896226239E-004  
 12          6           -7.4164342541036053E-004  
 13          6           3.8590590746924967E-004   
 14          6           -1.2149805631430900E-002  
 15          6           -3.6285285897244100E-005  
 16          6           -3.2986626672983641E-004  
 17          6           -4.8080762510704819E-004  
 18          6           -0.19735854062358082 
 19          6           2.8868020186481070E-005   
 20          6           -9.8903974138701180E-005  
 21          6           -6.1014237082720374E-005  
 22          6           7.4575931346827513E-003   
 23          6           -8.6737693618116177E-006  
 24          6           2.2504092808509611E-004   
 25          6           4.4523298805088964E-004   
 26          6           0.12680806986673882  
 27          6           -3.6092819249094853E-005  
 28          6           -3.8501679656519625E-005  
 29          6           6.8852225901836080E-005   
 30          6           -7.1875673298349343E-003  
 31          6           1.3950473785088267E-005   
 32          6           -1.1705043018753490E-004  
 33          6           -3.2757015382284201E-004  
 34          6           -9.9108255256898856E-002  
 35          6           2.6636431798576275E-005   
 36          6           -9.7561243175872556E-005  
 121         6           -3.7372872814773442E-004  
 122         6           -0.10030683549658242 
 123         6           4.1032402074113942E-005   
 124         6           6.9318604474407746E-005   
 125         6           7.8523500707522295E-006   
 126         6           -7.1921903264958540E-003  
 127         6           1.3952234454692454E-005   
 128         6           1.2903610418021536E-004   
 129         6           3.1878485408635423E-004   
 130         6           0.12641854136048769  
 131         6           -3.2748986763687876E-005  
 132         6           -2.4430824855749928E-005  
 133         6           -7.1734850253981399E-005  
 134         6           8.0846952187457275E-003   
 135         6           -1.6001373966600750E-005  
 136         6           -2.0288882861731915E-004  
 137         6           -5.7811464498233839E-004  
 138         6           -0.19736008420903758 
 139         6           2.8868813641842779E-005   
 140         6           1.1152854989602041E-004   
 141         6           8.5861594139235910E-004   
 142         6           -1.1260779986499964E-002  
 143         6           1.2339414352935370E-005   
 144         6           6.6826223536156052E-004   
 1           7           3.1824955062857039E-003   
 2           7           -1.7527397266161679E-004  
 3           7           0.56654809650172955  
 4           7           4.8911022377002384E-004   
 5           7           4.4942361751363425E-003   
 6           7           -2.9940424552874129E-004  
 7           7           0.89937725702662308  
 8           7           -8.8105706503203852E-005  
 9           7           3.0636114000371509E-003   
 10          7           -2.5314342817850540E-004  
 11          7           0.57267639471794052  
 12          7           -7.4164336166764109E-004  
 13          7           3.8590722834129932E-004   
 14          7           -3.6285595986408590E-005  
 15          7           -1.2149805543403407E-002  
 16          7           -3.2986658529407401E-004  
 17          7           -4.8080735658863349E-004  
 18          7           2.8867950179807312E-005   
 19          7           -0.19735854058583119 
 20          7           -9.8904371306572457E-005  
 21          7           -6.1014510014367702E-005  
 22          7           -8.6737916689905421E-006  
 23          7           7.4575936682575762E-003   
 24          7           2.2504091302154343E-004   
 25          7           4.4523265913055065E-004   
 26          7           -3.6093166007903003E-005  
 27          7           0.12680806986610832  
 28          7           -3.8501623589331989E-005  
 29          7           6.8851968096480905E-005   
 30          7           1.3950438650733684E-005   
 31          7           -7.1875673894825493E-003  
 32          7           -1.1705040298649758E-004  
 33          7           -3.2757023235054154E-004  
 34          7           2.6636524626811063E-005   
 35          7           -9.9108255410314205E-002  
 36          7           -9.7561212726318179E-005  
 121         7           -3.7372853611647113E-004  
 122         7           4.1032716446143314E-005   
 123         7           -0.10030683557822551 
 124         7           6.9318373956827380E-005   
 125         7           7.8525691234026582E-006   
 126         7           1.3952269583273336E-005   
 127         7           -7.1921903861995378E-003  
 128         7           1.2903614159973429E-004   
 129         7           3.1878500630676081E-004   
 130         7           -3.2749090538463534E-005  
 131         7           0.12641854132148170  
 132         7           -2.4430948678296007E-005  
 133         7           -7.1734427137089249E-005  
 134         7           -1.6001391293909361E-005  
 135         7           8.0846954040417578E-003   
 136         7           -2.0288878853305756E-004  
 137         7           -5.7811468681598626E-004  
 138         7           2.8868883643598738E-005   
 139         7           -0.19736008417129561 
 140         7           1.1152836987049318E-004   
 141         7           8.5861515777327629E-004   
 142         7           1.2339392315537702E-005   
 143         7           -1.1260779862255158E-002  
 144         7           6.6826282133821584E-004   
 1           8           -0.46031200289600349 
 2           8           -6.6495734869074000E-004  
 3           8           -6.6495756778363400E-004  
 4           8           -0.46016247855312598 
 5           8           3.7400559140108930E-003   
 6           8           -8.8103872446115183E-005  
 7           8           -8.8105706503203852E-005  
 8           8           0.75773021415963793  
 9           8           0.46655600557099997  
 10          8           7.4215736068587116E-004   
 11          8           7.4215684225170848E-004   
 12          8           -0.46064278654131718 
 13          8           -0.10281633424192640 
 14          8           6.6876356361105622E-004   
 15          8           6.6876364982229857E-004   
 16          8           0.10618588621810014  
 17          8           3.2728082276553258E-002   
 18          8           1.1153747211645109E-004   
 19          8           1.1153729209052795E-004   
 20          8           -3.2649333913162160E-002  
 21          8           -1.0875656179734254E-002  
 22          8           -2.2894905365052810E-004  
 23          8           -2.2894896222335929E-004  
 24          8           1.0824688144334540E-002   
 25          8           3.8601270609511192E-003   
 26          8           -3.5161192325543401E-005  
 27          8           -3.5161078302556907E-005  
 28          8           -3.8526637884900815E-003  
 29          8           -1.4204551784586048E-003  
 30          8           1.2903351332046174E-004   
 31          8           1.2903355073722652E-004   
 32          8           1.4098420776707142E-003   
 33          8           5.2980215006490062E-004   
 34          8           7.9548658782403389E-005   
 35          8           7.9548540950458288E-005   
 36          8           -5.2097071919458653E-004  
 121         8           -5.2364517894937647E-004  
 122         8           -6.2409286134213848E-005  
 123         8           -6.2409360725011390E-005  
 124         8           -5.2270872175783534E-004  
 125         8           1.4017546707491236E-003   
 126         8           -1.1705118517148269E-004  
 127         8           -1.1705115795786422E-004  
 128         8           1.4098605146711908E-003   
 129         8           -3.8407478974898995E-003  
 130         8           1.1777004647171720E-005   
 131         8           1.1777206896594342E-005   
 132         8           -3.8646346282497509E-003  
 133         8           1.0754497244159208E-002   
 134         8           2.0901736407597885E-004   
 135         8           2.0901735717883640E-004   
 136         8           1.0869713795859935E-002   
 137         8           -3.2333775700895524E-002  
 138         8           -9.8904154260529508E-005  
 139         8           -9.8904551439878081E-005  
 140         8           -3.2649376719810844E-002  
 141         8           0.10167337116448022  
 142         8           -6.0667891341834902E-004  
 143         8           -6.0667978320863580E-004  
 144         8           0.10605842119249331  
 1           9           -8.8638569994130834E-002  
 2           9           6.9146424815277321E-004   
 3           9           6.9146474524928853E-004   
 4           9           -0.10272124680391814 
 5           9           0.45270199624724505  
 6           9           3.0636116375901629E-003   
 7           9           3.0636114000371509E-003   
 8           9           0.46655600557099997  
 9           9           1.1752279351263248   
 10          9           4.4759783313982789E-003   
 11          9           4.4759772990406559E-003   
 12          9           1.1943659204023667E-003   
 13          9           0.45270634318328073  
 14          9           3.4044817757269874E-003   
 15          9           3.4044805559404825E-003   
 16          9           -0.46175028053924388 
 17          9           -8.8918359740106367E-002  
 18          9           8.5863826001332760E-004   
 19          9           8.5863747644301372E-004   
 20          9           0.10167264862835827  
 21          9           3.0051329816994717E-002   
 22          9           -4.1337861546888451E-004  
 23          9           -4.1337887247402667E-004  
 24          9           -3.2261076123112652E-002  
 25          9           -1.0119975446506627E-002  
 26          9           -1.1473331153433067E-004  
 27          9           -1.1473291666103645E-004  
 28          9           1.0805265518683249E-002   
 29          9           3.6484390716583362E-003   
 30          9           3.1878053737479923E-004   
 31          9           3.1878068960241419E-004   
 32          9           -3.8407208756206955E-003  
 33          9           -1.3420586166417786E-003  
 34          9           5.8722651623058841E-005   
 35          9           5.8722364541036027E-005   
 36          9           1.4000481029020238E-003   
 37          9           5.0427636448310267E-004   
 38          9           -3.2671490068978488E-004  
 39          9           -3.2671489767171081E-004  
 40          9           -5.2580386030045038E-004  
 125         9           5.0337883785151545E-004   
 126         9           -3.2758865332032023E-004  
 127         9           -3.2758873185835015E-004  
 128         9           5.2979597427644176E-004   
 129         9           -1.3420344841541757E-003  
 130         9           2.3156790725874158E-005   
 131         9           2.3157045780545660E-005   
 132         9           -1.4157777418976705E-003  
 133         9           3.6121403006547106E-003   
 134         9           3.2898401272173533E-004   
 135         9           3.2898409513992832E-004   
 136         9           3.8587821673138891E-003   
 137         9           -1.0107631024874966E-002  
 138         9           -6.1033818806019836E-005  
 139         9           -6.1034091725988891E-005  
 140         9           -1.0875527755498982E-002  
 141         9           3.0051059942419210E-002   
 142         9           -4.5884675244067477E-004  
 143         9           -4.5884696967064831E-004  
 144         9           3.2609225049814096E-002   
 1           10          5.9800591472697904E-004   
 2           10          -1.0283822296154911E-002  
 3           10          -4.7159786508598741E-005  
 4           10          5.0112905262747671E-004   
 5           10          3.1854504648721211E-003   
 6           10          0.57267639766232581  
 7           10          -2.5314342817850540E-004  
 8           10          7.4215736068587116E-004   
 9           10          4.4759783313982789E-003   
 10          10          0.90149748410231445  
 11          10          -2.8679745984225237E-004  
 12          10          -2.5622174707481753E-004  
 13          10          2.8019163623054857E-003   
 14          10          0.56667692956413918  
 15          10          -1.7177324567434362E-004  
 16          10          -3.5005194708743190E-004  
 17          10          8.6639620949956870E-004   
 18          10          -1.1257256655211344E-002  
 19          10          1.2338052951279466E-005   
 20          10          -6.0670069850302750E-004  
 21          10          -4.5884944848773067E-004  
 22          10          -0.19676827387015866 
 23          10          1.5039875009214671E-005   
 24          10          -1.9755858585078203E-004  
 25          10          -6.7399599746409975E-005  
 26          10          7.8055246188674255E-003   
 27          10          -1.4496420085017006E-005  
 28          10          1.9278299249304772E-004   
 29          10          3.5252186452651782E-004   
 30          10          0.12641476082459313  
 31          10          -3.2747739766242489E-005  
 32          10          1.1782841957522304E-005   
 33          10          2.3133229502074141E-005   
 34          10          -7.0901108460730382E-003  
 35          10          1.3068672563452421E-005   
 36          10          -1.2857968439904447E-004  
 37          10          -3.9381577777572983E-004  
 38          10          -0.10034023803097744 
 39          10          3.8371225774900643E-005   
 40          10          -2.1110000692948655E-005  
 125         10          -3.6204623092935212E-004  
 126         10          -9.9112920086540407E-002  
 127         10          2.6635671483978980E-005   
 128         10          7.9552669377338294E-005   
 129         10          5.8712533975209416E-005   
 130         10          -7.0934442529651583E-003  
 131         10          1.3069414453466024E-005   
 132         10          1.2195131963995236E-004   
 133         10          4.1977386816404371E-004   
 134         10          0.12661000788268162  
 135         10          -3.3332566983006889E-005  
 136         10          -3.9822423511134026E-005  
 137         10          -3.8923053215462276E-005  
 138         10          7.4604790558630164E-003   
 139         10          -8.6746804517498220E-006  
 140         10          -2.2895046853159016E-004  
 141         10          -4.1337463035536284E-004  
 142         10          -0.19676940988456904 
 143         10          1.5037724686900619E-005   
 144         10          1.3636631515860921E-004   
 1           11          5.9800553604648376E-004   
 2           11          -4.7160213669844244E-005  
 3           11          -1.0283823526664881E-002  
 4           11          5.0112950855210354E-004   
 5           11          3.1854510401750618E-003   
 6           11          -2.5314306896226239E-004  
 7           11          0.57267639471794052  
 8           11          7.4215684225170848E-004   
 9           11          4.4759772990406559E-003   
 10          11          -2.8679745984225237E-004  
 11          11          0.90149748021794318  
 12          11          -2.5622197059279022E-004  
 13          11          2.8019166322387724E-003   
 14          11          -1.7177493239660426E-004  
 15          11          0.56667692903518818  
 16          11          -3.5005139568309836E-004  
 17          11          8.6639617864360877E-004   
 18          11          1.2338074968366031E-005   
 19          11          -1.1257256530895677E-002  
 20          11          -6.0670156826646607E-004  
 21          11          -4.5884966572188929E-004  
 22          11          1.5039987036859234E-005   
 23          11          -0.19676827375452755 
 24          11          -1.9755851157919976E-004  
 25          11          -6.7399767541069029E-005  
 26          11          -1.4496412229570173E-005  
 27          11          7.8055244565012217E-003   
 28          11          1.9278292584063437E-004   
 29          11          3.5252173796128475E-004   
 30          11          -3.2747635991592429E-005  
 31          11          0.12641476078553213  
 32          11          1.1783044186105648E-005   
 33          11          2.3133484565033146E-005   
 34          11          1.3068718576551629E-005   
 35          11          -7.0901109590053822E-003  
 36          11          -1.2857970302575114E-004  
 37          11          -3.9381560024866734E-004  
 38          11          3.8371473586019470E-005   
 39          11          -0.10034023808132664 
 40          11          -2.1110069057631744E-005  
 125         11          -3.6204616971658972E-004  
 126         11          2.6635578655201112E-005   
 127         11          -9.9112920240037622E-002  
 128         11          7.9552551539495458E-005   
 129         11          5.8712246880667849E-005   
 130         11          1.3069368439902272E-005   
 131         11          -7.0934443659541394E-003  
 132         11          1.2195133423989176E-004   
 133         11          4.1977374911051398E-004   
 134         11          -3.3332791491706640E-005  
 135         11          0.12661000777054054  
 136         11          -3.9822293442643671E-005  
 137         11          -3.8923399148636106E-005  
 138         11          -8.6746581427008826E-006  
 139         11          7.4604795894691271E-003   
 140         11          -2.2895037708600124E-004  
 141         11          -4.1337488734567859E-004  
 142         11          1.5037612662183501E-005   
 143         11          -0.19676940976894158 
 144         11          1.3636643990078869E-004   
 1           12          0.10080571219519789  
 2           12          -7.8831446469070565E-004  
 3           12          -7.8831487394795418E-004  
 4           12          0.10552390773766950  
 5           12          -0.46146310291571901 
 6           12          -7.4164342541036053E-004  
 7           12          -7.4164336166764109E-004  
 8           12          -0.46064278654131718 
 9           12          1.1943659204023667E-003   
 10          12          -2.5622174707481753E-004  
 11          12          -2.5622197059279022E-004  
 12          12          0.75720672030872538  
 13          12          0.46543160937217487  
 14          12          6.9788557850533899E-004   
 15          12          6.9788526839978404E-004   
 16          12          -0.46077788492628402 
 17          12          -0.10281086688840277 
 18          12          6.6824493213635087E-004   
 19          12          6.6824551814632992E-004   
 20          12          0.10605835611041250  
 21          12          3.2609684042758685E-002   
 22          12          1.3637098585347033E-004   
 23          12          1.3637111058969217E-004   
 24          12          -3.2533834730474664E-002  
 25          12          -1.0884754856694389E-002  
 26          12          -2.1862382364988444E-004  
 27          12          -2.1862383757760437E-004  
 28          12          1.0877819863571794E-002   
 29          12          3.8849328220356277E-003   
 30          12          -2.4439786217480674E-005  
 31          12          -2.4439910032283214E-005  
 32          12          -3.8645994726271837E-003  
 33          12          -1.4158000332985849E-003  
 34          12          1.2195074076662158E-004   
 35          12          1.2195075536939610E-004   
 36          12          1.4061473383603497E-003   
 37          12          5.3036651681082959E-004   
 38          12          8.2652874504781531E-005   
 39          12          8.2652778130691562E-005   
 40          12          -5.2322300125243431E-004  
 125         12          -5.2338949065255198E-004  
 126         12          -9.7567177703129348E-005  
 127         12          -9.7567147268217013E-005  
 128         12          -5.2097799490695331E-004  
 129         12          1.4000601918441953E-003   
 130         12          -1.2858370830054114E-004  
 131         12          -1.2858372694090841E-004  
 132         12          1.4061620216999687E-003   
 133         12          -3.8019958137306279E-003  
 134         12          5.8443059461125547E-005   
 135         12          5.8442984986549329E-005   
 136         12          -3.8387125269752436E-003  
 137         12          1.0741834554573516E-002   
 138         12          2.2504458485862251E-004   
 139         12          2.2504456980170764E-004   
 140         12          1.0824731345409701E-002   
 141         12          -3.2261308080704237E-002  
 142         12          -1.9756354449793279E-004  
 143         12          -1.9756347022759139E-004  
 144         12          -3.2533892597740324E-002  
 1           13          2.9815964454000664E-002   
 2           13          -7.3645765868443917E-004  
 3           13          -7.3645693080501393E-004  
 4           13          3.2525713242513958E-002   
 5           13          -8.9100774888127510E-002  
 6           13          3.8590590746924967E-004   
 7           13          3.8590722834129932E-004   
 8           13          -0.10281633424192640 
 9           13          0.45270634318328073  
 10          13          2.8019163623054857E-003   
 11          13          2.8019166322387724E-003   
 12          13          0.46543160937217487  
 13          13          1.1773488446309661   
 14          13          4.5396623215337656E-003   
 15          13          4.5396605828879324E-003   
 16          13          2.0361019389412323E-003   
 17          13          0.45373694318516178  
 18          13          3.1825308618930936E-003   
 19          13          3.1825315210318580E-003   
 20          13          -0.46030879501596889 
 21          13          -8.8639012251072874E-002  
 22          13          5.9803109752089355E-004   
 23          13          5.9803071886944188E-004   
 24          13          0.10080441169676685  
 25          13          2.9816124865707831E-002   
 26          13          -6.3200041219149444E-004  
 27          13          -6.3200005687425657E-004  
 28          13          -3.2151458061879232E-002  
 29          13          -1.0110003963909811E-002  
 30          13          -7.1774163619587044E-005  
 31          13          -7.1773740480857124E-005  
 32          13          1.0754368718564314E-002   
 33          13          3.6121859563604366E-003   
 34          13          4.1977431952330542E-004   
 35          13          4.1977420048332009E-004   
 36          13          -3.8019440097942989E-003  
 37          13          -1.3334667133267032E-003  
 38          13          3.5010948945346156E-005   
 39          13          3.5010643534345345E-005   
 40          13          1.3961821493109954E-003   
 41          13          5.0394563689195237E-004   
 42          13          -3.7370383467215179E-004  
 43          13          -3.7370364268236509E-004  
 44          13          -5.2364052866388450E-004  
 129         13          5.0426879081268833E-004   
 130         13          -3.9383605393883392E-004  
 131         13          -3.9383587641435861E-004  
 132         13          5.3035972309310861E-004   
 133         13          -1.3334534623504046E-003  
 134         13          3.4709894986138100E-005   
 135         13          3.4710051269888865E-005   
 136         13          -1.4122552325467016E-003  
 137         13          3.6224635587327990E-003   
 138         13          4.4524227067334104E-004   
 139         13          4.4524194175320832E-004   
 140         13          3.8600828079013490E-003   
 141         13          -1.0119883153492517E-002  
