%%MatrixMarket matrix coordinate real general
%
 224         224         13440
 1           1           1.1773600826627737   
 2           1           4.6372653588179248E-003   
 3           1           4.6372638333703328E-003   
 4           1           2.0513037722045130E-003   
 5           1           0.45358005548069336  
 6           1           3.1505095084231453E-003   
 7           1           3.1505101223086723E-003   
 8           1           -0.46018538594740555 
 9           1           -8.8578110002031293E-002  
 10          1           5.1307418250323483E-004   
 11          1           5.1307375616370507E-004   
 12          1           0.10081586117843434  
 13          1           2.9773070281389893E-002   
 14          1           -5.9499754015658927E-004  
 15          1           -5.9499688960197800E-004  
 16          1           -3.2138582592900436E-002  
 17          1           -1.0104796929920177E-002  
 18          1           2.3329366900741905E-005   
 19          1           2.3329717973510065E-005   
 20          1           1.0750777228625516E-002   
 21          1           3.6042327357588238E-003   
 22          1           3.8327867839507137E-004   
 23          1           3.8327842884292691E-004   
 24          1           -3.8056579308082652E-003  
 25          1           -1.3304275423437352E-003  
 26          1           -7.8076018066090998E-005  
 27          1           -7.8076124095441608E-005  
 28          1           1.3970778326597613E-003   
 29          1           4.9966483454962497E-004   
 30          1           -2.5979541787508306E-004  
 31          1           -2.5979527435212441E-004  
 32          1           -5.2273830291718268E-004  
 197         1           5.0047732093439704E-004   
 198         1           -3.1849371004994060E-004  
 199         1           -3.1849359636219730E-004  
 200         1           5.3026888359251130E-004   
 201         1           -1.3306298233879271E-003  
 202         1           -7.9132485319101652E-005  
 203         1           -7.9132369282602666E-005  
 204         1           -1.4128303364078112E-003  
 205         1           3.6154576879665538E-003   
 206         1           4.5810410697065394E-004   
 207         1           4.5810386264882950E-004   
 208         1           3.8625294982336687E-003   
 209         1           -1.0110998135129050E-002  
 210         1           2.8454103097412710E-005   
 211         1           2.8454010914705387E-005   
 212         1           -1.0882749457778475E-002  
 213         1           2.9794657466418729E-002   
 214         1           -7.4761327542855296E-004  
 215         1           -7.4761249053017934E-004  
 216         1           3.2495427567731230E-002   
 217         1           -8.8950569072603333E-002  
 218         1           2.8924619461988266E-004   
 219         1           2.8924720395461293E-004   
 220         1           -0.10275039194627730 
 221         1           0.45260817126506075  
 222         1           2.8163378338281696E-003   
 223         1           2.8163374218989489E-003   
 224         1           0.46533655239852056  
 1           2           4.6372653588179248E-003   
 2           2           0.93197076022165914  
 3           2           -2.9426270057988230E-004  
 4           2           -1.1997604789892852E-004  
 5           2           3.3076978546788052E-003   
 6           2           0.55952793235806952  
 7           2           -1.2633073100111166E-004  
 8           2           -8.5190353108876866E-004  
 9           2           -3.3604696186784893E-004  
 10          2           -4.7338605725459018E-002  
 11          2           -4.8560735610901629E-005  
 12          2           -1.3972657314065265E-004  
 13          2           -7.4383251839880483E-004  
 14          2           -0.19096054362705658 
 15          2           1.0662095385043438E-005   
 16          2           7.4489268583082747E-005   
 17          2           -5.4082122305232973E-005  
 18          2           3.9524147017170795E-002   
 19          2           1.0479828198690921E-005   
 20          2           2.2249072048916862E-004   
 21          2           4.6902788938680276E-004   
 22          2           0.11124874035994220  
 23          2           3.2968740805395733E-005   
 24          2           -1.3813525863623269E-004  
 25          2           -8.1843446323994347E-005  
 26          2           -3.6814581087117826E-002  
 27          2           -7.4745752167218460E-006  
 28          2           -1.2383065612843976E-004  
 29          2           -2.0198202182978637E-004  
 30          2           -7.5687401269330976E-002  
 31          2           -3.4204749392970774E-005  
 32          2           4.9913229504415616E-005   
 197         2           -2.3296202048109642E-004  
 198         2           -8.7990787411979146E-002  
 199         2           7.7216496149617661E-005   
 200         2           -3.0759995389137131E-005  
 201         2           -7.4548677818035307E-005  
 202         2           -3.6801390348858709E-002  
 203         2           -8.2290516774038980E-006  
 204         2           1.5859972890944720E-004   
 205         2           5.0800780334193864E-004   
 206         2           0.12372238160084616  
 207         2           -8.0570365585154024E-005  
 208         2           1.1174458309098537E-004   
 209         2           -3.9497889527870164E-005  
 210         2           3.9385584372867752E-002   
 211         2           1.2050299125022923E-005   
 212         2           -2.4450990969699445E-004  
 213         2           -7.0953176026896595E-004  
 214         2           -0.20337099978216480 
 215         2           1.2482156253388731E-004   
 216         2           6.9125050489223791E-005   
 217         2           -1.8853586202089594E-004  
 218         2           -4.8486491422202578E-002  
 219         2           -4.4243942148768090E-005  
 220         2           1.9249830274598744E-004   
 221         2           3.3747300680064102E-003   
 222         2           0.57110694931511286  
 223         2           -2.3120233735914389E-004  
 224         2           8.6257003563991528E-004   
 1           3           4.6372638333703328E-003   
 2           3           -2.9426270057988230E-004  
 3           3           0.93197075950980601  
 4           3           -1.1997471017261839E-004  
 5           3           3.3076968819004001E-003   
 6           3           -1.2632771671465754E-004  
 7           3           0.55952791627226006  
 8           3           -8.5190298401718824E-004  
 9           3           -3.3604306880717345E-004  
 10          3           -4.8560932657218392E-005  
 11          3           -4.7338596107461398E-002  
 12          3           -1.3972671016163624E-004  
 13          3           -7.4383034124184220E-004  
 14          3           1.0660714372555478E-005   
 15          3           -0.19096052474805489 
 16          3           7.4487797744122124E-005   
 17          3           -5.4082749311476800E-005  
 18          3           1.0479900090079597E-005   
 19          3           3.9524143211602102E-002   
 20          3           2.2249011586576234E-004   
 21          3           4.6902529794695273E-004   
 22          3           3.2970293123260695E-005   
 23          3           0.11124871875247465  
 24          3           -1.3813506625094541E-004  
 25          3           -8.1842179033779575E-005  
 26          3           -7.4750891375027773E-006  
 27          3           -3.6814578264260524E-002  
 28          3           -1.2382997864285298E-004  
 29          3           -2.0198211785761868E-004  
 30          3           -3.4205804311276695E-005  
 31          3           -7.5687382633180450E-002  
 32          3           4.9912098693170673E-005   
 197         3           -2.3295990830533817E-004  
 198         3           7.7218181686198629E-005   
 199         3           -8.7990807774638941E-002  
 200         3           -3.0759228238604064E-005  
 201         3           -7.4548196149443251E-005  
 202         3           -8.2288217121556650E-006  
 203         3           -3.6801387805948091E-002  
 204         3           1.5859808116931847E-004   
 205         3           5.0800145027633044E-004   
 206         3           -8.0571643625858974E-005  
 207         3           0.12372239941379364  
 208         3           1.1174481099019089E-004   
 209         3           -3.9499809744039801E-005  
 210         3           1.2050390270315625E-005   
 211         3           3.9385575903870707E-002   
 212         3           -2.4450868261692121E-004  
 213         3           -7.0953100883134712E-004  
 214         3           1.2482320268255567E-004   
 215         3           -0.20337101814923550 
 216         3           6.9125743205289953E-005   
 217         3           -1.8853408451532575E-004  
 218         3           -4.4243821324667365E-005  
 219         3           -4.8486487619280483E-002  
 220         3           1.9249859343579691E-004   
 221         3           3.3747283665647898E-003   
 222         3           -2.3120221513956438E-004  
 223         3           0.57110696691260521  
 224         3           8.6256846732395370E-004   
 1           4           2.0513037722045130E-003   
 2           4           -1.1997604789892852E-004  
 3           4           -1.1997471017261839E-004  
 4           4           0.75958121886573915  
 5           4           0.46636892192208890  
 6           4           4.8258634101542718E-004   
 7           4           4.8258803798099454E-004   
 8           4           -0.46005831495919686 
 9           4           -0.10265257090617838 
 10          4           5.4588487843516440E-004   
 11          4           5.4588481480367837E-004   
 12          4           0.10550761478022072  
 13          4           3.2484900421117298E-002   
 14          4           1.2321018566993744E-004   
 15          4           1.2321020230005031E-004   
 16          4           -3.2553607613254605E-002  
 17          4           -1.0914017361041665E-002  
 18          4           -2.1740479911496496E-004  
 19          4           -2.1740464961689406E-004  
 20          4           1.0866852157740071E-002   
 21          4           3.8514571468669374E-003   
 22          4           -6.0867510460241647E-005  
 23          4           -6.0867440955404418E-005  
 24          4           -3.8427679587900590E-003  
 25          4           -1.4140772120881122E-003  
 26          4           1.4397674831164353E-004   
 27          4           1.4397674064335766E-004   
 28          4           1.4138517958618402E-003   
 29          4           5.3105575520225718E-004   
 30          4           5.7638735637241050E-005   
 31          4           5.7638667379783821E-005   
 32          4           -5.2997267181658888E-004  
 197         4           -5.2566667395975860E-004  
 198         4           -9.8214446456933860E-006  
 199         4           -9.8215126357459100E-006  
 200         4           -5.3101043542269947E-004  
 201         4           1.3977172497814869E-003   
 202         4           -1.0695795400457899E-004  
 203         4           -1.0695790672246153E-004  
 204         4           1.4131295590360396E-003   
 205         4           -3.8184680521276592E-003  
 206         4           -1.0853191251224492E-005  
 207         4           -1.0853044031130836E-005  
 208         4           -3.8550356980430671E-003  
 209         4           1.0792293409749607E-002   
 210         4           1.7634239436139558E-004   
 211         4           1.7634224739254467E-004   
 212         4           1.0872950902283768E-002   
 213         4           -3.2121094485931305E-002  
 214         4           3.4110562971044515E-005   
 215         4           3.4110136459984626E-005   
 216         4           -3.2526732032640129E-002  
 217         4           0.10175104544679207  
 218         4           -3.3348972342289545E-004  
 219         4           -3.3348985606718916E-004  
 220         4           0.10609362027879528  
 221         4           -0.46167174958685470 
 222         4           -3.4681235938107687E-004  
 223         4           -3.4681094184583382E-004  
 224         4           -0.46061914796012776 
 1           5           0.45358005548069336  
 2           5           3.3076978546788052E-003   
 3           5           3.3076968819004001E-003   
 4           5           0.46636892192208890  
 5           5           1.1743079484935923   
 6           5           4.3967830343520911E-003   
 7           5           4.3967834479722231E-003   
 8           5           3.4166455787343866E-003   
 9           5           0.45261852682701348  
 10          5           3.1791358689062200E-003   
 11          5           3.1791366857929931E-003   
 12          5           -0.46156827620756546 
 13          5           -8.9418147233417608E-002  
 14          5           6.1335759011153259E-004   
 15          5           6.1335767204018839E-004   
 16          5           0.10227063927320888  
 17          5           3.0143758933377854E-002   
 18          5           -5.1356524017681421E-004  
 19          5           -5.1356595163434794E-004  
 20          5           -3.2364838741486004E-002  
 21          5           -1.0100215433926328E-002  
 22          5           -1.6081930160617548E-004  
 23          5           -1.6081968518795187E-004  
 24          5           1.0761475790174901E-002   
 25          5           3.6270893094730865E-003   
 26          5           3.5091787972904543E-004   
 27          5           3.5091800678127869E-004   
 28          5           -3.8287897804169060E-003  
 29          5           -1.3376074472571499E-003  
 30          5           1.1443958501205917E-004   
 31          5           1.1443987032791300E-004   
 32          5           1.4017814562798784E-003   
 33          5           4.9863125411103411E-004   
 34          5           -2.4486308918054186E-004  
 35          5           -2.4486330248336746E-004  
 36          5           -5.2439682671196733E-004  
 201         5           5.0120131801321174E-004   
 202         5           -2.2354402462543320E-004  
 203         5           -2.2354371615498767E-004  
 204         5           5.3266536040327361E-004   
 205         5           -1.3372312841625300E-003  
 206         5           1.7279728753231318E-004   
 207         5           1.7279688259233826E-004   
 208         5           -1.4224130714624496E-003  
 209         5           3.6454132221781727E-003   
 210         5           3.1922628162633627E-004   
 211         5           3.1922582908591903E-004   
 212         5           3.8857807691354894E-003   
 213         5           -1.0114313847686832E-002  
 214         5           -2.5420279084805022E-004  
 215         5           -2.5420231730727207E-004  
 216         5           -1.0920931846769193E-002  
 217         5           3.0093889259240059E-002   
 218         5           -4.5367552961733622E-004  
 219         5           -4.5367491825886721E-004  
 220         5           3.2725016999092332E-002   
 221         5           -8.9163736139890579E-002  
 222         5           9.7564457319924535E-004   
 223         5           9.7564426737978347E-004   
 224         5           -0.10296122609606803 
 1           6           3.1505095084231453E-003   
 2           6           0.55952793235806952  
 3           6           -1.2632771671465754E-004  
 4           6           4.8258634101542718E-004   
 5           6           4.3967830343520911E-003   
 6           6           0.86716468673606273  
 7           6           -2.8582875494383137E-004  
 8           6           -1.4113160666139106E-004  
 9           6           2.5236470529609325E-003   
 10          6           0.57335266785835215  
 11          6           -2.8595337690957108E-004  
 12          6           -3.9372073865970514E-004  
 13          6           5.0831383226063133E-004   
 14          6           2.0016397677175505E-002   
 15          6           -3.8526572192662653E-005  
 16          6           -3.5593033805253894E-004  
 17          6           -4.5727998596628539E-004  
 18          6           -0.19818549503812474 
 19          6           8.0043729326229746E-005   
 20          6           -1.1413138062518677E-004  
 21          6           -1.6501300796058132E-004  
 22          6           -2.7968705728914588E-002  
 23          6           -2.6415296543419822E-006  
 24          6           2.2937348553175207E-004   
 25          6           4.9907645287470507E-004   
 26          6           0.12326445842860628  
 27          6           -7.2831761106694360E-005  
 28          6           2.9970864528205676E-005   
 29          6           1.3776361770430326E-004   
 30          6           3.0781242783912997E-002   
 31          6           2.2483807182690813E-006   
 32          6           -1.4860954874418783E-004  
 33          6           -3.9645066542126644E-004  
 34          6           -8.7782559275464814E-002  
 35          6           6.2422554899489984E-005   
 36          6           3.4133080848657528E-005   
 201         6           -2.8020714451548875E-004  
 202         6           -7.5780395349845445E-002  
 203         6           -4.2468524159207724E-005  
 204         6           7.9274303126403698E-005   
 205         6           1.3795227933630484E-004   
 206         6           3.0702030902685536E-002   
 207         6           3.6358158945920560E-006   
 208         6           1.3485175434516932E-004   
 209         6           2.8769385888144768E-004   
 210         6           0.11038515688047262  
 211         6           3.2483235635288009E-005   
 212         6           -7.1230770124809865E-005  
 213         6           -2.2539417493427693E-004  
 214         6           -2.7054208190332215E-002  
 215         6           3.8064068979710161E-006   
 216         6           -1.7126164942975037E-004  
 217         6           -9.0787585278299238E-004  
 218         6           -0.18717523331646818 
 219         6           -2.8910164030541367E-005  
 220         6           -1.6575295654561249E-004  
 221         6           9.2323901631164590E-004   
 222         6           2.3193971013748722E-002   
 223         6           -1.7397322368337804E-005  
 224         6           6.7903664772439576E-004   
 1           7           3.1505101223086723E-003   
 2           7           -1.2633073100111166E-004  
 3           7           0.55952791627226006  
 4           7           4.8258803798099454E-004   
 5           7           4.3967834479722231E-003   
 6           7           -2.8582875494383137E-004  
 7           7           0.86716469045771472  
 8           7           -1.4113286193559495E-004  
 9           7           2.5236512981696773E-003   
 10          7           -2.8595316102306189E-004  
 11          7           0.57335268924967009  
 12          7           -3.9371993492823059E-004  
 13          7           5.0831960466892444E-004   
 14          7           -3.8527093970497025E-005  
 15          7           2.0016405093333019E-002   
 16          7           -3.5593084576436638E-004  
 17          7           -4.5727375843888793E-004  
 18          7           8.0042374619331870E-005   
 19          7           -0.19818551743011981 
 20          7           -1.1413192277708416E-004  
 21          7           -1.6500860331064552E-004  
 22          7           -2.6415608710354376E-006  
 23          7           -2.7968694872476583E-002  
 24          7           2.2937083952065599E-004   
 25          7           4.9906994801079301E-004   
 26          7           -7.2829498461624356E-005  
 27          7           0.12326447592880120  
 28          7           2.9970142830367186E-005   
 29          7           1.3776570399243315E-004   
 30          7           2.2481983626443944E-006   
 31          7           3.0781237274125337E-002   
 32          7           -1.4860690660546108E-004  
 33          7           -3.9644577695516393E-004  
 34          7           6.2421896072924633E-005   
 35          7           -8.7782577315945631E-002  
 36          7           3.4132451162893473E-005   
 201         7           -2.8020355324392222E-004  
 202         7           -4.2466642070776439E-005  
 203         7           -7.5780377594439313E-002  
 204         7           7.9273255648929853E-005   
 205         7           1.3795073486036821E-004   
 206         7           3.6359553317962976E-006   
 207         7           3.0702026795752395E-002   
 208         7           1.3485092454121472E-004   
 209         7           2.8769172619351263E-004   
 210         7           3.2481983679834639E-005   
 211         7           0.11038513612523573  
 212         7           -7.1230382781283525E-005  
 213         7           -2.2539508827536657E-004  
 214         7           3.8065725379023661E-006   
 215         7           -2.7054206748502091E-002  
 216         7           -1.7126156033285767E-004  
 217         7           -9.0787604200009682E-004  
 218         7           -2.8908721110783731E-005  
 219         7           -0.18717521323842337 
 220         7           -1.6575231083540315E-004  
 221         7           9.2323812912525644E-004   
 222         7           -1.7397295919311404E-005  
 223         7           2.3193968141255586E-002   
 224         7           6.7903632834168700E-004   
 1           8           -0.46018538594740555 
 2           8           -8.5190353108876866E-004  
 3           8           -8.5190298401718824E-004  
 4           8           -0.46005831495919686 
 5           8           3.4166455787343866E-003   
 6           8           -1.4113160666139106E-004  
 7           8           -1.4113286193559495E-004  
 8           8           0.75723102815450349  
 9           8           0.46624298689315258  
 10          8           7.7031977759489233E-004   
 11          8           7.7032000756469432E-004   
 12          8           -0.46042713843210736 
 13          8           -0.10284782105716343 
 14          8           6.4962075308140762E-004   
 15          8           6.4961999277181868E-004   
 16          8           0.10628203400660120  
 17          8           3.2704446980392265E-002   
 18          8           8.1966987416625374E-005   
 19          8           8.1966616102042099E-005   
 20          8           -3.2633375285115694E-002  
 21          8           -1.0854255119417008E-002  
 22          8           -2.2837518271184165E-004  
 23          8           -2.2837498412644748E-004  
 24          8           1.0830957783234531E-002   
 25          8           3.8621740766157774E-003   
 26          8           9.7612318105452637E-006   
 27          8           9.7611445351406684E-006   
 28          8           -3.8534712805991973E-003  
 29          8           -1.4176446922110730E-003  
 30          8           1.3231771749940002E-004   
 31          8           1.3231761459306282E-004   
 32          8           1.4135931743463940E-003   
 33          8           5.2846480272918843E-004   
 34          8           -2.1299419745861740E-005  
 35          8           -2.1299445225526572E-005  
 36          8           -5.2963275794864779E-004  
 201         8           -5.2389607738352563E-004  
 202         8           6.4701110495794686E-005   
 203         8           6.4700916491794593E-005   
 204         8           -5.3085837573751461E-004  
 205         8           1.4005733301339497E-003   
 206         8           -1.5864769460819178E-004  
 207         8           -1.5864756471289915E-004  
 208         8           1.4168460529090177E-003   
 209         8           -3.8382044157095874E-003  
 210         8           -6.7918936965959676E-005  
 211         8           -6.7918600952277398E-005  
 212         8           -3.8660939670763198E-003  
 213         8           1.0753835870691094E-002   
 214         8           2.4451946079273498E-004   
 215         8           2.4451935723987322E-004   
 216         8           1.0869178646041009E-002   
 217         8           -3.2303588328151972E-002  
 218         8           6.6837624691873328E-006   
 219         8           6.6832852289432917E-006   
 220         8           -3.2637163660610743E-002  
 221         8           0.10182223030289343  
 222         8           -6.5357906775498386E-004  
 223         8           -6.5357956375791280E-004  
 224         8           0.10612749843055061  
 1           9           -8.8578110002031293E-002  
 2           9           -3.3604696186784893E-004  
 3           9           -3.3604306880717345E-004  
 4           9           -0.10265257090617838 
 5           9           0.45261852682701348  
 6           9           2.5236470529609325E-003   
 7           9           2.5236512981696773E-003   
 8           9           0.46624298689315258  
 9           9           1.1747126355276325   
 10          9           4.6447540872439717E-003   
 11          9           4.6447541294998805E-003   
 12          9           6.7620217788508968E-004   
 13          9           0.45232929526191545  
 14          9           3.5129690145897312E-003   
 15          9           3.5129641256920127E-003   
 16          9           -0.46154297197895666 
 17          9           -8.9058321899270890E-002  
 18          9           7.5559707725321814E-004   
 19          9           7.5559096197359323E-004   
 20          9           0.10183386663126269  
 21          9           3.0019406480632158E-002   
 22          9           -5.0701181834852840E-004  
 23          9           -5.0701396774153768E-004  
 24          9           -3.2319659328098042E-002  
 25          9           -1.0136769600504343E-002  
 26          9           -3.0303492818527548E-005  
 27          9           -3.0300747221824215E-005  
 28          9           1.0818371882510369E-002   
 29          9           3.6417313991481295E-003   
 30          9           3.6383919496840494E-004   
 31          9           3.6384029800988520E-004   
 32          9           -3.8382102013584710E-003  
 33          9           -1.3353248402383268E-003  
 34          9           -4.4675518336090427E-005  
 35          9           -4.4677061416146954E-005  
 36          9           1.4041981527534682E-003   
 37          9           5.0293642983233688E-004   
 38          9           -2.4884700244734827E-004  
 39          9           -2.4884776760812031E-004  
 40          9           -5.2766192326801750E-004  
 205         9           4.9816069881310665E-004   
 206         9           -3.7125190408654073E-004  
 207         9           -3.7125200394930760E-004  
 208         9           5.2976425605527589E-004   
 209         9           -1.3371310605540723E-003  
 210         9           -1.2476802912286862E-004  
 211         9           -1.2476715749778954E-004  
 212         9           -1.4164766338536925E-003  
 213         9           3.6123465322226711E-003   
 214         9           5.4257231662732924E-004   
 215         9           5.4257260011183518E-004   
 216         9           3.8591534530382078E-003   
 217         9           -1.0097742647916746E-002  
 218         9           1.0213044083954653E-004   
 219         9           1.0212912590123444E-004   
 220         9           -1.0873195566315819E-002  
 221         9           3.0050569134981456E-002   
 222         9           -9.9365676541915003E-004  
 223         9           -9.9365718287610576E-004  
 224         9           3.2603797902017978E-002   
 1           10          5.1307418250323483E-004   
 2           10          -4.7338605725459018E-002  
 3           10          -4.8560932657218392E-005  
 4           10          5.4588487843516440E-004   
 5           10          3.1791358689062200E-003   
 6           10          0.57335266785835215  
 7           10          -2.8595316102306189E-004  
 8           10          7.7031977759489233E-004   
 9           10          4.6447540872439717E-003   
 10          10          0.93114747658955344  
 11          10          -2.6942380454288845E-004  
 12          10          -2.2661275206515633E-004  
 13          10          2.8894428099591318E-003   
 14          10          0.55646821458418783  
 15          10          -1.1168122787269833E-004  
 16          10          -4.6825704282288995E-004  
 17          10          7.2004360315709259E-004   
 18          10          -4.3608586005026637E-002  
 19          10          -1.8549245583671103E-005  
 20          10          -6.4379761700043153E-004  
 21          10          -9.0083550919539787E-004  
 22          10          -0.18739690241266360 
 23          10          -2.9163604417238934E-005  
 24          10          2.5679015252568827E-004   
 25          10          2.4736516557645049E-005   
 26          10          4.0135783256640994E-002   
 27          10          9.6601032162080269E-006   
 28          10          1.8871354485554764E-004   
 29          10          2.9302934137438226E-004   
 30          10          0.11033501555180858  
 31          10          2.6725096314382697E-005   
 32          10          -4.7355339084196746E-005  
 33          10          -1.2437828912249992E-004  
 34          10          -3.6210332867119104E-002  
 35          10          -4.4836000417311506E-006  
 36          10          -9.8725363620759819E-005  
 37          10          -2.9219151875517024E-004  
 38          10          -7.5623338480578173E-002  
 39          10          -3.6515729724001262E-005  
 40          10          4.1953811624569605E-005   
 205         10          -3.4609053028039757E-004  
 206         10          -8.7829846513318169E-002  
 207         10          6.8654178731646694E-005   
 208         10          -8.1770301999854023E-005  
 209         10          -2.8664365726827968E-005  
 210         10          -3.6062064244251846E-002  
 211         10          -6.5860731025060848E-006  
 212         10          1.5472918568262766E-004   
 213         10          4.6864400542197135E-004   
 214         10          0.12341732624195213  
 215         10          -8.3685708122507689E-005  
 216         10          6.5918308159574994E-007   
 217         10          1.1291211454519929E-004   
 218         10          3.9201365542403235E-002   
 219         10          4.7101050173609105E-006   
 220         10          -2.0812466631360985E-004  
 221         10          -4.3265543375016588E-004  
 222         10          -0.19934762414483528 
 223         10          6.9695611375697290E-005   
 224         10          1.8752400548965902E-005   
 1           11          5.1307375616370507E-004   
 2           11          -4.8560735610901629E-005  
 3           11          -4.7338596107461398E-002  
 4           11          5.4588481480367837E-004   
 5           11          3.1791366857929931E-003   
 6           11          -2.8595337690957108E-004  
 7           11          0.57335268924967009  
 8           11          7.7032000756469432E-004   
 9           11          4.6447541294998805E-003   
 10          11          -2.6942380454288845E-004  
 11          11          0.93114746045872443  
 12          11          -2.2661442867784049E-004  
 13          11          2.8894395568516604E-003   
 14          11          -1.1168088484601706E-004  
 15          11          0.55646818781574281  
 16          11          -4.6825682795023513E-004  
 17          11          7.2004291682819632E-004   
 18          11          -1.8549217395191775E-005  
 19          11          -4.3608598422941694E-002  
 20          11          -6.4379793110829722E-004  
 21          11          -9.0083178649797628E-004  
 22          11          -2.9165036184815828E-005  
 23          11          -0.18739688031989907 
 24          11          2.5679066301983832E-004   
 25          11          2.4735785476952862E-005   
 26          11          9.6606902953502716E-006   
 27          11          4.0135784531323659E-002   
 28          11          1.8871270407638617E-004   
 29          11          2.9302927110926692E-004   
 30          11          2.6725875113429217E-005   
 31          11          0.11033499838224727  
 32          11          -4.7354150392618526E-005  
 33          11          -1.2437631674342380E-004  
 34          11          -4.4834332164275792E-006  
 35          11          -3.6210331588390890E-002  
 36          11          -9.8724925490578555E-005  
 37          11          -2.9218682498728535E-004  
 38          11          -3.6516892490367093E-005  
 39          11          -7.5623317973031540E-002  
 40          11          4.1952781990027678E-005   
 205         11          -3.4608610960852934E-004  
 206         11          6.8655559575065035E-005   
 207         11          -8.7829863581164777E-002  
 208         11          -8.1770345871800071E-005  
 209         11          -2.8662794233212771E-005  
 210         11          -6.5861238284087298E-006  
 211         11          -3.6062055915430595E-002  
 212         11          1.5472830958533632E-004   
 213         11          4.6864382720132115E-004   
 214         11          -8.3687364784607293E-005  
 215         11          0.12341734454593853  
 216         11          6.5898076518430967E-007   
 217         11          1.1291158114957978E-004   
 218         11          4.7100846022885001E-006   
 219         11          3.9201360248482107E-002   
 220         11          -2.0812443965829625E-004  
 221         11          -4.3265528355718652E-004  
 222         11          6.9696904371012273E-005   
 223         11          -0.19934764270359145 
 224         11          1.8752659287389221E-005   
 1           12          0.10081586117843434  
 2           12          -1.3972657314065265E-004  
 3           12          -1.3972671016163624E-004  
 4           12          0.10550761478022072  
 5           12          -0.46156827620756546 
 6           12          -3.9372073865970514E-004  
 7           12          -3.9371993492823059E-004  
 8           12          -0.46042713843210736 
 9           12          6.7620217788508968E-004   
 10          12          -2.2661275206515633E-004  
 11          12          -2.2661442867784049E-004  
 12          12          0.75691251875162491  
 13          12          0.46526727117390188  
 14          12          6.2791288216252922E-004   
 15          12          6.2791153623327305E-004   
 16          12          -0.46090744099649728 
 17          12          -0.10290168460173578 
 18          12          7.0288032483111743E-004   
 19          12          7.0287851349718454E-004   
 20          12          0.10621149419369796  
 21          12          3.2595277642962876E-002   
 22          12          2.4880611592550343E-004   
 23          12          2.4880495661648490E-004   
 24          12          -3.2602775439533209E-002  
 25          12          -1.0903188733385657E-002  
 26          12          -2.4465308442612766E-004  
 27          12          -2.4465184082235003E-004  
 28          12          1.0890621785723451E-002   
 29          12          3.8783427481679108E-003   
 30          12          -1.0857374559606233E-004  
 31          12          -1.0857322803584926E-004  
 32          12          -3.8634523138652726E-003  
 33          12          -1.4137540350514833E-003  
 34          12          1.6407371615667681E-004   
 35          12          1.6407317583223184E-004   
 36          12          1.4160259013953952E-003   
 37          12          5.3368976528186767E-004   
 38          12          8.9239363731443081E-005   
 39          12          8.9239038318700213E-005   
 40          12          -5.3307915318418875E-004  
 205         12          -5.2252193468790040E-004  
 206         12          1.9771147556627874E-005   
 207         12          1.9771083501297125E-005   
 208         12          -5.2918953795768643E-004  
 209         12          1.3999623445855034E-003   
 210         12          -1.0594379979697661E-004  
 211         12          -1.0594356347794017E-004  
 212         12          1.4124382382937257E-003   
 213         12          -3.8025012652646551E-003  
 214         12          -6.1453410630270668E-005  
 215         12          -6.1453252516006527E-005  
 216         12          -3.8402222814753260E-003  
 217         12          1.0736236146156564E-002   
 218         12          1.8316386436076224E-004   
 219         12          1.8316340202502722E-004   
 220         12          1.0822879253457483E-002   
 221         12          -3.2267837438214840E-002  
 222         12          1.8298377701696922E-004   
 223         12          1.8298325341143841E-004   
 224         12          -3.2531215625190797E-002  
 1           13          2.9773070281389893E-002   
 2           13          -7.4383251839880483E-004  
 3           13          -7.4383034124184220E-004  
 4           13          3.2484900421117298E-002   
 5           13          -8.9418147233417608E-002  
 6           13          5.0831383226063133E-004   
 7           13          5.0831960466892444E-004   
 8           13          -0.10284782105716343 
 9           13          0.45232929526191545  
 10          13          2.8894428099591318E-003   
 11          13          2.8894395568516604E-003   
 12          13          0.46526727117390188  
 13          13          1.1777416832891670   
 14          13          4.3814324409256868E-003   
 15          13          4.3814147378884597E-003   
 16          13          1.5547374403155016E-003   
 17          13          0.45340073929217456  
 18          13          3.0420107901054528E-003   
 19          13          3.0419876077244380E-003   
 20          13          -0.46047451310971421 
 21          13          -8.8904595130659153E-002  
 22          13          4.0572226311120553E-004   
 23          13          4.0571029716839736E-004   
 24          13          0.10123625275709601  
 25          13          2.9767401738409461E-002   
 26          13          -8.4299725843829264E-004  
 27          13          -8.4299590453462757E-004  
 28          13          -3.2090259504951188E-002  
 29          13          -1.0075172069466291E-002  
 30          13          -2.1825219065620038E-004  
 31          13          -2.1824833637127376E-004  
 32          13          1.0720045617313944E-002   
 33          13          3.5981218197204943E-003   
 34          13          4.9907896966111911E-004   
 35          13          4.9907702987924069E-004   
 36          13          -3.8035232456212409E-003  
 37          13          -1.3311482311493309E-003  
 38          13          1.6446541956468338E-004   
 39          13          1.6446283029833926E-004   
 40          13          1.3987397104858175E-003   
 41          13          4.9857464157056143E-004   
 42          13          -3.4606483417570528E-004  
 43          13          -3.4606330049841659E-004  
 44          13          -5.2255107690037800E-004  
 209         13          5.0054869820747195E-004   
 210         13          -2.9888318281363511E-004  
 211         13          -2.9888286720301100E-004  
 212         13          5.3084700427719143E-004   
 213         13          -1.3274148268603522E-003  
 214         13          1.6758152030121380E-004   
 215         13          1.6758300449599105E-004   
 216         13          -1.4130167199919192E-003  
 217         13          3.6191772121078165E-003   
 218         13          4.4449789014444093E-004   
 219         13          4.4449707146289688E-004   
 220         13          3.8585693597794311E-003   
 221         13          -1.0123296669435296E-002  
