%%MatrixMarket matrix coordinate real general
%
 224         224         7680
 1           1           0.99999999999999467  
 2           1           -3.4886897514308890E-003  
 3           1           -3.4886859065889498E-003  
 4           1           -1.7189973283545101E-003  
 5           1           1.5153334208584713E-002   
 6           1           -1.4018454930853756E-003  
 7           1           -1.4018465195566679E-003  
 8           1           -2.4459718552385483E-002  
 9           1           -2.0940882378345433E-003  
 10          1           -1.9495505276065689E-004  
 11          1           -1.9495549250836262E-004  
 12          1           -1.1325965041140103E-003  
 13          1           1.9900148628000772E-004   
 14          1           -2.7107889517537714E-007  
 15          1           -2.7108413499238420E-007  
 16          1           -2.1050079315936674E-004  
 17          1           3.7214514296133995E-007   
 18          1           -7.9590325024134087E-008  
 19          1           -7.9590053634589627E-008  
 20          1           -4.6831218629840227E-007  
 209         1           1.1559063644992124E-006   
 210         1           -2.1897509113896677E-007  
 211         1           -2.1897465931453824E-007  
 212         1           1.4239083938416364E-006   
 213         1           2.0214163035407187E-004   
 214         1           -8.4474080282428991E-006  
 215         1           -8.4474333522784939E-006  
 216         1           2.2259720435940472E-004   
 217         1           -2.0042472401872753E-003  
 218         1           9.9951676105647765E-005   
 219         1           9.9951212952923733E-005   
 220         1           1.7185072698721420E-003   
 221         1           1.5479668425872355E-002   
 222         1           -1.3197087702007306E-003  
 223         1           -1.3197095931890949E-003  
 224         1           2.5670792846189595E-002   
 1           2           -3.4886897514308890E-003  
 2           2           0.99999999999998335  
 3           2           2.6943620805720218E-004   
 4           2           1.3207201288765015E-004   
 5           2           -1.4684562011282212E-003  
 6           2           8.8638321989693958E-002   
 7           2           1.1160689378355441E-004   
 8           2           7.6647267592375938E-004   
 9           2           4.9056501504469779E-004   
 10          2           -2.2719813139583218E-002  
 11          2           3.3784434122922649E-005   
 12          2           -2.8991614651220773E-004  
 13          2           -1.5490695527155634E-005  
 14          2           1.2624604768997738E-003   
 15          2           -4.1023144579334760E-006  
 16          2           1.5205433671752783E-005   
 17          2           -1.1314976188312865E-006  
 18          2           6.0147573226413898E-006   
 19          2           -2.5259790215875037E-008  
 20          2           1.3898864848399121E-006   
 209         2           -9.1010159322208858E-007  
 210         2           9.4850177517609832E-006   
 211         2           2.3174571664868903E-008   
 212         2           -1.0712010382978441E-006  
 213         2           -1.9635907167813501E-006  
 214         2           1.2814124176652570E-003   
 215         2           -4.0906232721781225E-006  
 216         2           1.0423728578186000E-006   
 217         2           3.5565523268721327E-004   
 218         2           -2.1970895699041319E-002  
 219         2           2.9214865479829807E-005   
 220         2           3.0833460771455083E-004   
 221         2           -1.4622643743155233E-003  
 222         2           8.8531693623272137E-002   
 223         2           1.1201319343120980E-004   
 224         2           -7.1170685097797699E-004  
 1           3           -3.4886859065889498E-003  
 2           3           2.6943620805720218E-004   
 3           3           0.99999999999998901  
 4           3           1.3207076845632828E-004   
 5           3           -1.4684557724202218E-003  
 6           3           1.1160692624766098E-004   
 7           3           8.8638319512693645E-002   
 8           3           7.6647263719444893E-004   
 9           3           4.9056422622102192E-004   
 10          3           3.3784486121733735E-005   
 11          3           -2.2719814432921048E-002  
 12          3           -2.8991532748425761E-004  
 13          3           -1.5490699244864870E-005  
 14          3           -4.1023230646083343E-006  
 15          3           1.2624604151648612E-003   
 16          3           1.5205465361407655E-005   
 17          3           -1.1314988484296381E-006  
 18          3           -2.5260159906151357E-008  
 19          3           6.0147630846550867E-006   
 20          3           1.3898884993613946E-006   
 209         3           -9.1010193532366866E-007  
 210         3           2.3174283117687344E-008   
 211         3           9.4850156978169933E-006   
 212         3           -1.0712018401541372E-006  
 213         3           -1.9635618683428255E-006  
 214         3           -4.0906469327777565E-006  
 215         3           1.2814124480928037E-003   
 216         3           1.0424125925084655E-006   
 217         3           3.5565442870975130E-004   
 218         3           2.9214868020341909E-005   
 219         3           -2.1970896493249837E-002  
 220         3           3.0833346769006126E-004   
 221         3           -1.4622628747497500E-003  
 222         3           1.1201292779246068E-004   
 223         3           8.8531695542724081E-002   
 224         3           -7.1170768008456929E-004  
 1           4           -1.7189973283545101E-003  
 2           4           1.3207201288765015E-004   
 3           4           1.3207076845632828E-004   
 4           4           0.99999999999999156  
 5           4           2.5570821339674824E-002   
 6           4           -8.2039250464917930E-004  
 7           4           -8.2039445195267440E-004  
 8           4           -8.3026660729293884E-003  
 9           4           1.9731566237363813E-003   
 10          4           -1.8069804126442823E-004  
 11          4           -1.8069850681880624E-004  
 12          4           -6.2484281435264671E-003  
 13          4           2.2066815683860597E-004   
 14          4           -8.8290731703431870E-006  
 15          4           -8.8290709845651307E-006  
 16          4           -2.8991509061123696E-004  
 17          4           5.2239704910399771E-007   
 18          4           -9.8805424399165408E-008  
 19          4           -9.8805043171078461E-008  
 20          4           -6.6397943926210267E-007  
 209         4           -1.7134056850692218E-006  
 210         4           2.8189951671557454E-007   
 211         4           2.8189898333762291E-007   
 212         4           -2.1169099963088632E-006  
 213         4           -2.1637894945871874E-004  
 214         4           2.1726961728729791E-005   
 215         4           2.1726993693218471E-005   
 216         4           -2.9562914968018356E-004  
 217         4           -1.7404032803912360E-003  
 218         4           -7.5859459872325557E-005  
 219         4           -7.5859024513580381E-005  
 220         4           -6.4707941301470019E-003  
 221         4           -2.4440604899261892E-002  
 222         4           8.0341399267115329E-004   
 223         4           8.0341220831467799E-004   
 224         4           -8.6725542403315800E-003  
 1           5           1.5153334208584713E-002   
 2           5           -1.4684562011282212E-003  
 3           5           -1.4684557724202218E-003  
 4           5           2.5570821339674824E-002   
 5           5           0.99999999999999312  
 6           5           -3.3257880474146019E-003  
 7           5           -3.3257875428491517E-003  
 8           5           -2.1390830429841930E-003  
 9           5           1.4517432172133991E-002   
 10          5           -1.2906103301506757E-003  
 11          5           -1.2906126405643312E-003  
 12          5           -2.4254023205924322E-002  
 13          5           -1.6294718842190645E-003  
 14          5           -2.2232364283310664E-004  
 15          5           -2.2232371264493310E-004  
 16          5           -2.1912282630645826E-003  
 17          5           2.5804841312218900E-004   
 18          5           4.2462832727591175E-006   
 19          5           4.2462784667867275E-006   
 20          5           -2.8503127504440868E-004  
 21          5           2.5794880094837338E-006   
 22          5           -5.1839254911397523E-007  
 23          5           -5.1839298813216272E-007  
 24          5           -3.6765617427496741E-006  
 213         5           -3.4326843793475191E-007  
 214         5           -6.1991997553099640E-007  
 215         5           -6.1991916565151079E-007  
 216         5           -4.3411621694154479E-007  
 217         5           2.5485743313008604E-004   
 218         5           2.0436241125326707E-006   
 219         5           2.0436222955871593E-006   
 220         5           2.7561778900128100E-004   
 221         5           -2.3869728676897228E-003  
 222         5           -3.5580320549330604E-004  
 223         5           -3.5580382013554695E-004  
 224         5           1.7356436177060010E-003   
 1           6           -1.4018454930853756E-003  
 2           6           8.8638321989693958E-002   
 3           6           1.1160692624766098E-004   
 4           6           -8.2039250464917930E-004  
 5           6           -3.3257880474146019E-003  
 6           6           0.99999999999999367  
 7           6           2.0924087128489625E-004   
 8           6           2.0814524761076899E-004   
 9           6           -1.0288589723886571E-003  
 10          6           8.9020240515920043E-002   
 11          6           1.0260199992032981E-004   
 12          6           8.3562862051731455E-004   
 13          6           1.0499301761107851E-004   
 14          6           -2.3348673101163522E-002  
 15          6           1.9088273805170476E-005   
 16          6           -7.5918139134005018E-005  
 17          6           -3.7869433965333120E-007  
 18          6           9.9370273591215604E-004   
 19          6           4.2131923674328655E-008   
 20          6           3.8006935908989613E-006   
 21          6           -6.1922779559742416E-007  
 22          6           2.2510848709744278E-005   
 23          6           -1.1767385477647363E-007  
 24          6           8.0643397966281888E-007   
 213         6           8.6021013520106742E-009   
 214         6           9.5948319648964572E-007   
 215         6           2.4698504367862808E-008   
 216         6           1.1259002438151622E-008   
 217         6           7.9829493134054364E-006   
 218         6           1.0551207966782031E-003   
 219         6           -8.7155328775756859E-007  
 220         6           -1.3310595441378159E-006  
 221         6           -3.7951959779240833E-004  
 222         6           -2.5160587735550972E-002  
 223         6           -2.5177846304004664E-007  
 224         6           -2.8642105804662515E-004  
 1           7           -1.4018465195566679E-003  
 2           7           1.1160689378355441E-004   
 3           7           8.8638319512693645E-002   
 4           7           -8.2039445195267440E-004  
 5           7           -3.3257875428491517E-003  
 6           7           2.0924087128489625E-004   
 7           7           0.99999999999999134  
 8           7           2.0814546951426706E-004   
 9           7           -1.0288602638618117E-003  
 10          7           1.0260203431810048E-004   
 11          7           8.9020237346572773E-002   
 12          7           8.3562812671902822E-004   
 13          7           1.0499088116452952E-004   
 14          7           1.9088375025590173E-005   
 15          7           -2.3348674772602773E-002  
 16          7           -7.5916044782690993E-005  
 17          7           -3.7865650492745624E-007  
 18          7           4.2141996017550119E-008   
 19          7           9.9370244857812078E-004   
 20          7           3.8007252077645941E-006   
 21          7           -6.1923192917969479E-007  
 22          7           -1.1767423184154054E-007  
 23          7           2.2510846361460753E-005   
 24          7           8.0644092701837515E-007   
 213         7           8.6020900542362827E-009   
 214         7           2.4698561195301651E-008   
 215         7           9.5948301285237358E-007   
 216         7           1.1259005530373612E-008   
 217         7           7.9829662515351716E-006   
 218         7           -8.7154796496805529E-007  
 219         7           1.0551207823376154E-003   
 220         7           -1.3310241927714273E-006  
 221         7           -3.7952007375452413E-004  
 222         7           -2.5176067796579061E-007  
 223         7           -2.5160588952281852E-002  
 224         7           -2.8642151750703655E-004  
 1           8           -2.4459718552385483E-002  
 2           8           7.6647267592375938E-004   
 3           8           7.6647263719444893E-004   
 4           8           -8.3026660729293884E-003  
 5           8           -2.1390830429841930E-003  
 6           8           2.0814524761076899E-004   
 7           8           2.0814546951426706E-004   
 8           8           0.99999999999998967  
 9           8           2.5434531418821148E-002   
 10          8           -9.4351429974131500E-004  
 11          8           -9.4351697218466820E-004  
 12          8           -9.3710226200678544E-003  
 13          8           1.9629435517643490E-003   
 14          8           -2.2246241595782988E-004  
 15          8           -2.2246281808177714E-004  
 16          8           -6.7373132616525919E-003  
 17          8           2.7633652316126297E-004   
 18          8           -8.6739205136872540E-006  
 19          8           -8.6738477252257708E-006  
 20          8           -3.7589007356178262E-004  
 21          8           3.3187909267584475E-006   
 22          8           -6.3793051540432176E-007  
 23          8           -6.3793122566408711E-007  
 24          8           -4.7423744592216324E-006  
 213         8           4.6279561554830885E-007   
 214         8           8.2347683997010004E-007   
 215         8           8.2347562379862821E-007   
 216         8           5.8516966354936989E-007   
 217         8           -2.7551510468973067E-004  
 218         8           1.4601174917959372E-006   
 219         8           1.4601286400208170E-006   
 220         8           -3.6573268203209542E-004  
 221         8           -1.5719012293352375E-003  
 222         8           2.6586830443202494E-004   
 223         8           2.6586881075756855E-004   
 224         8           -6.7407584682013114E-003  
 1           9           -2.0940882378345433E-003  
 2           9           4.9056501504469779E-004   
 3           9           4.9056422622102192E-004   
 4           9           1.9731566237363813E-003   
 5           9           1.4517432172133991E-002   
 6           9           -1.0288589723886571E-003  
 7           9           -1.0288602638618117E-003  
 8           9           2.5434531418821148E-002   
 9           9           0.99999999999998279  
 10          9           -3.5182953486769305E-003  
 11          9           -3.5182982781807115E-003  
 12          9           -2.5411725097757012E-003  
 13          9           1.5733144872005420E-002   
 14          9           -1.4379254089049770E-003  
 15          9           -1.4379177445796394E-003  
 16          9           -2.4666503595654508E-002  
 17          9           -2.4053272089845706E-003  
 18          9           -3.7218827844373868E-004  
 19          9           -3.7218777339548389E-004  
 20          9           -1.4930550792815397E-003  
 21          9           2.4792022978796936E-004   
 22          9           1.5646377470934335E-006   
 23          9           1.5647211974572825E-006   
 24          9           -2.7256550160090909E-004  
 217         9           3.0611261676505200E-006   
 218         9           -6.8094719708728126E-007  
 219         9           -6.8094612526441059E-007  
 220         9           3.8377283077833454E-006   
 221         9           2.6477093012283124E-004   
 222         9           6.7335687148064533E-006   
 223         9           6.7335488054508315E-006   
 224         9           2.9075067474196200E-004   
 1           10          -1.9495505276065689E-004  
 2           10          -2.2719813139583218E-002  
 3           10          3.3784486121733735E-005   
 4           10          -1.8069804126442823E-004  
 5           10          -1.2906103301506757E-003  
 6           10          8.9020240515920043E-002   
 7           10          1.0260203431810048E-004   
 8           10          -9.4351429974131500E-004  
 9           10          -3.5182953486769305E-003  
 10          10          0.99999999999998779  
 11          10          2.8929022826902498E-004   
 12          10          1.8522892502860307E-004   
 13          10          -1.2988050691804234E-003  
 14          10          9.1558961506449210E-002   
 15          10          6.3975330923678945E-005   
 16          10          8.5260435464139044E-004   
 17          10          -3.4940319183768607E-004  
 18          10          -2.5459752900280446E-002  
 19          10          -7.8927868126998831E-006  
 20          10          2.7546856861995262E-004   
 21          10          5.2298887864052895E-006   
 22          10          1.1014881092383032E-003   
 23          10          4.2553808593941171E-007   
 24          10          2.6879057883962420E-006   
 217         10          -2.8007212577958961E-007  
 218         10          2.5799042940289438E-005   
 219         10          -9.9550555255182469E-008  
 220         10          -3.5306745313602285E-007  
 221         10          6.5241440258230406E-006   
 222         10          1.0277580038990746E-003   
 223         10          -2.7460011873871442E-007  
 224         10          -2.6116376758847849E-006  
 1           11          -1.9495549250836262E-004  
 2           11          3.3784434122922649E-005   
 3           11          -2.2719814432921048E-002  
 4           11          -1.8069850681880624E-004  
 5           11          -1.2906126405643312E-003  
 6           11          1.0260199992032981E-004   
 7           11          8.9020237346572773E-002   
 8           11          -9.4351697218466820E-004  
 9           11          -3.5182982781807115E-003  
 10          11          2.8929022826902498E-004   
 11          11          0.99999999999998990  
 12          11          1.8522849751536230E-004   
 13          11          -1.2988071717337868E-003  
 14          11          6.3976333831152702E-005   
 15          11          9.1558974060934661E-002   
 16          11          8.5260594024701901E-004   
 17          11          -3.4940461537115376E-004  
 18          11          -7.8928829068238927E-006  
 19          11          -2.5459744017541672E-002  
 20          11          2.7546973380442345E-004   
 21          11          5.2298352102629401E-006   
 22          11          4.2554601285713295E-007   
 23          11          1.1014877016210884E-003   
 24          11          2.6879806352635324E-006   
 217         11          -2.8007221332090910E-007  
 218         11          -9.9550330504040767E-008  
 219         11          2.5799038749442489E-005   
 220         11          -3.5306818094219566E-007  
 221         11          6.5241620787416036E-006   
 222         11          -2.7460099494536060E-007  
 223         11          1.0277581149409653E-003   
 224         11          -2.6116249394512772E-006  
 1           12          -1.1325965041140103E-003  
 2           12          -2.8991614651220773E-004  
 3           12          -2.8991532748425761E-004  
 4           12          -6.2484281435264671E-003  
 5           12          -2.4254023205924322E-002  
 6           12          8.3562862051731455E-004   
 7           12          8.3562812671902822E-004   
 8           12          -9.3710226200678544E-003  
 9           12          -2.5411725097757012E-003  
 10          12          1.8522892502860307E-004   
 11          12          1.8522849751536230E-004   
 12          12          0.99999999999998002  
 13          12          2.5739030271312899E-002   
 14          12          -7.0704757533560471E-004  
 15          12          -7.0704972938799289E-004  
 16          12          -8.4625817859568485E-003  
 17          12          1.7919613551852656E-003   
 18          12          -3.4389739677864202E-004  
 19          12          -3.4389710659750970E-004  
 20          12          -6.7533752269586132E-003  
 21          12          2.7607097246791474E-004   
 22          12          1.4270156994437465E-006   
 23          12          1.4272126443679973E-006   
 24          12          -3.6785206266509441E-004  
 217         12          -4.1660053311222433E-006  
 218         12          8.4764688990431428E-007   
 219         12          8.4764600439737021E-007   
 220         12          -5.2403287892974760E-006  
 221         12          -2.9224677794996743E-004  
 222         12          2.5581035249669425E-006   
 223         12          2.5581317291813060E-006   
 224         12          -3.8765712417041063E-004  
 1           13          1.9900148628000772E-004   
 2           13          -1.5490695527155634E-005  
 3           13          -1.5490699244864870E-005  
 4           13          2.2066815683860597E-004   
 5           13          -1.6294718842190645E-003  
 6           13          1.0499301761107851E-004   
 7           13          1.0499088116452952E-004   
 8           13          1.9629435517643490E-003   
 9           13          1.5733144872005420E-002   
 10          13          -1.2988050691804234E-003  
 11          13          -1.2988071717337868E-003  
 12          13          2.5739030271312899E-002   
 13          13          0.99999999999998501  
 14          13          -3.5498302783209357E-003  
 15          13          -3.5498170063599553E-003  
 16          13          -1.6038375466168101E-003  
 17          13          1.5043694085829479E-002   
 18          13          -1.3106193324012273E-003  
 19          13          -1.3106004131331396E-003  
 20          13          -2.4466079628133026E-002  
 21          13          -1.6333157538754241E-003  
 22          13          1.3964342751830622E-004   
 23          13          1.3964516751328765E-004   
 24          13          -1.5642841754740608E-003  
 25          13          2.0508973983219926E-004   
 26          13          4.8045488114019794E-006   
 27          13          4.8044767839999839E-006   
 28          13          -2.2103421710579810E-004  
 29          13          7.5367772297969509E-007   
 30          13          -1.2478319829247922E-007  
 31          13          -1.2478326476073058E-007  
 32          13          -9.9438628218577842E-007  
 221         13          1.8636833894347143E-007   
 222         13          -3.7740126720617336E-008  
 223         13          -3.7740266775600533E-008  
 224         13          2.4143416266240128E-007   
 1           14          -2.7107889517537714E-007  
 2           14          1.2624604768997738E-003   
 3           14          -4.1023230646083343E-006  
 4           14          -8.8290731703431870E-006  
 5           14          -2.2232364283310664E-004  
 6           14          -2.3348673101163522E-002  
 7           14          1.9088375025590173E-005   
 8           14          -2.2246241595782988E-004  
 9           14          -1.4379254089049770E-003  
 10          14          9.1558961506449210E-002   
 11          14          6.3976333831152702E-005   
 12          14          -7.0704757533560471E-004  
 13          14          -3.5498302783209357E-003  
 14          14          0.99999999999998179  
 15          14          3.0861788697253000E-004   
 16          14          1.5659823110917510E-004   
 17          14          -1.3348144514427290E-003  
 18          14          8.6002017765749977E-002   
 19          14          9.2671765157369601E-005   
 20          14          8.6703615727656673E-004   
 21          14          4.5498130364294523E-004   
 22          14          -2.4228581622484466E-002  
 23          14          2.0828402170183926E-005   
 24          14          -2.9484223746608664E-004  
 25          14          -1.3186306820617933E-005  
 26          14          1.3260479499566347E-003   
 27          14          -3.0413857307564435E-006  
 28          14          1.0906756039009689E-005   
 29          14          -1.0261051565405121E-006  
 30          14          7.5442218895478997E-006   
 31          14          4.6489780088663583E-009   
 32          14          1.2863452893895201E-006   
 221         14          -4.7916174959965428E-007  
 222         14          1.5509890108897986E-006   
 223         14          6.3714271397332701E-008   
 224         14          -6.1205101610137969E-007  
 1           15          -2.7108413499238420E-007  
 2           15          -4.1023144579334760E-006  
 3           15          1.2624604151648612E-003   
 4           15          -8.8290709845651307E-006  
 5           15          -2.2232371264493310E-004  
 6           15          1.9088273805170476E-005   
 7           15          -2.3348674772602773E-002  
 8           15          -2.2246281808177714E-004  
 9           15          -1.4379177445796394E-003  
 10          15          6.3975330923678945E-005   
 11          15          9.1558974060934661E-002   
 12          15          -7.0704972938799289E-004  
 13          15          -3.5498170063599553E-003  
 14          15          3.0861788697253000E-004   
 15          15          0.99999999999999090  
 16          15          1.5659611915335898E-004   
 17          15          -1.3348070678325648E-003  
 18          15          9.2671887921832395E-005   
 19          15          8.6002059131826819E-002   
 20          15          8.6703500276175561E-004   
 21          15          4.5498347713453832E-004   
 22          15          2.0828267007954434E-005   
 23          15          -2.4228582283025085E-002  
 24          15          -2.9484426690124058E-004  
 25          15          -1.3186273715850579E-005  
 26          15          -3.0413790938831522E-006  
 27          15          1.3260482090786448E-003   
 28          15          1.0906704219738522E-005   
 29          15          -1.0261082157612906E-006  
 30          15          4.6484140224832382E-009   
 31          15          7.5442069318613838E-006   
 32          15          1.2863496344288226E-006   
 221         15          -4.7916106174805037E-007  
 222         15          6.3714239434100419E-008   
 223         15          1.5509881677667131E-006   
 224         15          -6.1205000462109680E-007  
 1           16          -2.1050079315936674E-004  
 2           16          1.5205433671752783E-005   
 3           16          1.5205465361407655E-005   
 4           16          -2.8991509061123696E-004  
 5           16          -2.1912282630645826E-003  
 6           16          -7.5918139134005018E-005  
 7           16          -7.5916044782690993E-005  
 8           16          -6.7373132616525919E-003  
 9           16          -2.4666503595654508E-002  
 10          16          8.5260435464139044E-004   
 11          16          8.5260594024701901E-004   
 12          16          -8.4625817859568485E-003  
 13          16          -1.6038375466168101E-003  
 14          16          1.5659823110917510E-004   
 15          16          1.5659611915335898E-004   
 16          16          0.99999999999999123  
 17          16          2.5947258078903742E-002   
 18          16          -8.4493954820574031E-004  
 19          16          -8.4493228771037121E-004  
 20          16          -8.2449565328980637E-003  
 21          16          2.2663984159961336E-003   
 22          16          1.2406724346877439E-004   
 23          16          1.2406993757725504E-004   
 24          16          -6.4783646047457547E-003  
 25          16          2.2052029653509559E-004   
 26          16          -3.0220104354607875E-006  
 27          16          -3.0222510219400053E-006  
 28          16          -2.9705069958052847E-004  
 29          16          1.0777177175098097E-006   
 30          16          -1.5752188084713492E-007  
 31          16          -1.5752217573133777E-007  
 32          16          -1.4278205980178329E-006  
 221         16          -3.2454070191088888E-007  
 222         16          5.9797346461802059E-008   
 223         16          5.9797516751634758E-008   
 224         16          -4.2096848434416277E-007  
 1           17          3.7214514296133995E-007   
 2           17          -1.1314976188312865E-006  
 3           17          -1.1314988484296381E-006  
 4           17          5.2239704910399771E-007   
 5           17          2.5804841312218900E-004   
 6           17          -3.7869433965333120E-007  
 7           17          -3.7865650492745624E-007  
 8           17          2.7633652316126297E-004   
 9           17          -2.4053272089845706E-003  
 10          17          -3.4940319183768607E-004  
 11          17          -3.4940461537115376E-004  
 12          17          1.7919613551852656E-003   
 13          17          1.5043694085829479E-002   
 14          17          -1.3348144514427290E-003  
 15          17          -1.3348070678325648E-003  
 16          17          2.5947258078903742E-002   
 17          17          0.99999999999999445  
 18          17          -3.4462371379816773E-003  
 19          17          -3.4462127967720218E-003  
 20          17          -2.1170807334462555E-003  
 21          17          1.4565774248621656E-002   
 22          17          -1.1413003195252908E-003  
 23          17          -1.1412902105858444E-003  
 24          17          -2.4396988976605499E-002  
 25          17          -1.7463963284478610E-003  
 26          17          -3.3382525158764898E-004  
 27          17          -3.3382930745907535E-004  
 28          17          -2.1193542574730142E-003  
 29          17          2.5613236298768083E-004   
 30          17          3.4937090538329733E-006   
 31          17          3.4937618595260669E-006   
 32          17          -2.8785936930267298E-004  
 33          17          1.8885234510257075E-006   
 34          17          -8.0592261449783584E-007  
 35          17          -8.0592087287146518E-007  
 36          17          -2.7890015529538989E-006  
 1           18          -7.9590325024134087E-008  
 2           18          6.0147573226413898E-006   
 3           18          -2.5260159906151357E-008  
 4           18          -9.8805424399165408E-008  
 5           18          4.2462832727591175E-006   
 6           18          9.9370273591215604E-004   
 7           18          4.2141996017550119E-008   
 8           18          -8.6739205136872540E-006  
 9           18          -3.7218827844373868E-004  
 10          18          -2.5459752900280446E-002  
 11          18          -7.8928829068238927E-006  
 12          18          -3.4389739677864202E-004  
 13          18          -1.3106193324012273E-003  
 14          18          8.6002017765749977E-002   
 15          18          9.2671887921832395E-005   
 16          18          -8.4493954820574031E-004  
 17          18          -3.4462371379816773E-003  
 18          18          0.99999999999999201  
 19          18          2.4081506318971644E-004   
 20          18          1.6680225065337693E-004   
 21          18          -1.0516018164505067E-003  
 22          18          8.5970257785794535E-002   
 23          18          9.2020062624712196E-005   
 24          18          8.0126641575955940E-004   
 25          18          6.7207622530877876E-005   
 26          18          -2.4603963884592805E-002  
 27          18          9.1914595888875943E-006   
 28          18          -3.9148284849933143E-005  
 29          18          -7.1810820960199900E-008  
 30          18          1.0217288413595928E-003   
 31          18          -1.2029764330424782E-006  
 32          18          5.2627548286355592E-006   
 33          18          -5.4626126333062475E-007  
 34          18          1.7571558954262864E-005   
 35          18          1.4796168390860637E-007   
 36          18          7.1845621889192229E-007   
 1           19          -7.9590053634589627E-008  
 2           19          -2.5259790215875037E-008  
 3           19          6.0147630846550867E-006   
 4           19          -9.8805043171078461E-008  
 5           19          4.2462784667867275E-006   
 6           19          4.2131923674328655E-008   
 7           19          9.9370244857812078E-004   
 8           19          -8.6738477252257708E-006  
 9           19          -3.7218777339548389E-004  
 10          19          -7.8927868126998831E-006  
 11          19          -2.5459744017541672E-002  
 12          19          -3.4389710659750970E-004  
 13          19          -1.3106004131331396E-003  
 14          19          9.2671765157369601E-005   
 15          19          8.6002059131826819E-002   
 16          19          -8.4493228771037121E-004  
 17          19          -3.4462127967720218E-003  
 18          19          2.4081506318971644E-004   
 19          19          0.99999999999999012  
 20          19          1.6680046448110006E-004   
 21          19          -1.0515799203520278E-003  
 22          19          9.2019510702991210E-005   
 23          19          8.5970282306171319E-002   
 24          19          8.0126126023740817E-004   
 25          19          6.7209360744857692E-005   
 26          19          9.1914288318388022E-006   
 27          19          -2.4603967776127736E-002  
 28          19          -3.9150266716142610E-005  
 29          19          -7.1733957435975337E-008  
 30          19          -1.2030272216370238E-006  
 31          19          1.0217298273604216E-003   
 32          19          5.2627527876021834E-006   
 33          19          -5.4626414659279953E-007  
 34          19          1.4796300154905032E-007   
 35          19          1.7571533327419871E-005   
 36          19          7.1846081193841618E-007   
 1           20          -4.6831218629840227E-007  
 2           20          1.3898864848399121E-006   
 3           20          1.3898884993613946E-006   
 4           20          -6.6397943926210267E-007  
 5           20          -2.8503127504440868E-004  
 6           20          3.8006935908989613E-006   
 7           20          3.8007252077645941E-006   
 8           20          -3.7589007356178262E-004  
 9           20          -1.4930550792815397E-003  
 10          20          2.7546856861995262E-004   
 11          20          2.7546973380442345E-004   
 12          20          -6.7533752269586132E-003  
 13          20          -2.4466079628133026E-002  
 14          20          8.6703615727656673E-004   
 15          20          8.6703500276175561E-004   
 16          20          -8.2449565328980637E-003  
 17          20          -2.1170807334462555E-003  
 18          20          1.6680225065337693E-004   
 19          20          1.6680046448110006E-004   
 20          20          0.99999999999998601  
 21          20          2.5496471286473213E-002   
 22          20          -8.8266788586834988E-004  
 23          20          -8.8266448759795639E-004  
 24          20          -9.2071684822301533E-003  
 25          20          1.8812521692107152E-003   
 26          20          -2.7609143045712975E-004  
 27          20          -2.7609643239014694E-004  
 28          20          -6.7225839607005095E-003  
 29          20          2.7903853636689112E-004   
 30          20          -6.5584621689376146E-006  
 31          20          -6.5583450504125585E-006  
 32          20          -3.8646671342292612E-004  
 33          20          2.4818297133043226E-006   
 34          20          -1.0103667394900323E-006  
 35          20          -1.0103652388793754E-006  
 36          20          -3.6717367861700022E-006  
 5           21          2.5794880094837338E-006   
 6           21          -6.1922779559742416E-007  
 7           21          -6.1923192917969479E-007  
 8           21          3.3187909267584475E-006   
 9           21          2.4792022978796936E-004   
 10          21          5.2298887864052895E-006   
 11          21          5.2298352102629401E-006   
 12          21          2.7607097246791474E-004   
 13          21          -1.6333157538754241E-003  
 14          21          4.5498130364294523E-004   
 15          21          4.5498347713453832E-004   
 16          21          2.2663984159961336E-003   
 17          21          1.4565774248621656E-002   
 18          21          -1.0516018164505067E-003  
 19          21          -1.0515799203520278E-003  
 20          21          2.5496471286473213E-002   
 21          21          0.99999999999998046  
 22          21          -3.5192098545676464E-003  
 23          21          -3.5191876264484201E-003  
 24          21          -1.9178556783701266E-003  
 25          21          1.4671459831499638E-002   
 26          21          -1.4359595629450988E-003  
 27          21          -1.4359682999064165E-003  
 28          21          -2.4204853133714434E-002  
 29          21          -2.2086377309606521E-003  
 30          21          -2.9415335818498483E-004  
 31          21          -2.9415292972881867E-004  
 32          21          -1.6467945012766370E-003  
 33          21          2.3051724489876806E-004   
 34          21          3.6450236192468949E-008   
 35          21          3.6544317806184219E-008   
 36          21          -2.4839278337931357E-004  
 5           22          -5.1839254911397523E-007  
 6           22          2.2510848709744278E-005   
 7           22          -1.1767423184154054E-007  
 8           22          -6.3793051540432176E-007  
 9           22          1.5646377470934335E-006   
 10          22          1.1014881092383032E-003   
 11          22          4.2554601285713295E-007   
 12          22          1.4270156994437465E-006   
 13          22          1.3964342751830622E-004   
 14          22          -2.4228581622484466E-002  
 15          22          2.0828267007954434E-005   
 16          22          1.2406724346877439E-004   
 17          22          -1.1413003195252908E-003  
 18          22          8.5970257785794535E-002   
 19          22          9.2019510702991210E-005   
 20          22          -8.8266788586834988E-004  
 21          22          -3.5192098545676464E-003  
 22          22          0.99999999999998235  
 23          22          2.8156073621983107E-004   
 24          22          1.2955971488362065E-004   
 25          22          -1.3078655979428748E-003  
 26          22          9.0891460608171978E-002   
 27          22          9.1551195658021162E-005   
 28          22          8.4607094111821210E-004   
 29          22          -3.3152536583849231E-004  
 30          22          -2.6068768259204643E-002  
 31          22          2.1365469614356712E-006   
 32          22          2.5217083058881828E-004   
 33          22          3.4444702172669548E-006   
 34          22          1.1890703973095622E-003   
 35          22          -2.3853828686620530E-006  
 36          22          4.0566271276618996E-006   
 5           23          -5.1839298813216272E-007  
