%%MatrixMarket matrix coordinate real general
%
 144         144         5184
 1           1           0.99999999999998324  
 2           1           -3.4833521696432473E-003  
 3           1           -3.4833488276245880E-003  
 4           1           -1.6310650547517406E-003  
 5           1           1.5101992330758660E-002   
 6           1           -1.3946512060501626E-003  
 7           1           -1.3946525081743534E-003  
 8           1           -2.4394345771210919E-002  
 9           1           -1.9578066160103082E-003  
 10          1           -1.8229510609345359E-004  
 11          1           -1.8229590113546721E-004  
 12          1           -1.2115208310299139E-003  
 13          1           1.9198931857948760E-004   
 14          1           -9.9512399481470913E-007  
 15          1           -9.9508674803539942E-007  
 16          1           -2.0049482234017166E-004  
 17          1           -2.4978742008350832E-007  
 18          1           6.9564178858203703E-009   
 19          1           6.9561641568491992E-009   
 20          1           3.3740085152578311E-007   
 129         1           2.3267551800515923E-007   
 130         1           -5.1093418903545100E-008  
 131         1           -5.1093815736975863E-008  
 132         1           3.0210045379500214E-007   
 133         1           1.9199472514244050E-004   
 134         1           -9.9693382657784663E-006  
 135         1           -9.9693422268508811E-006  
 136         1           2.1005314148163639E-004   
 137         1           -1.8076605817292778E-003  
 138         1           1.0767387311414045E-004   
 139         1           1.0767308072259187E-004   
 140         1           1.8151836166885168E-003   
 141         1           1.5466727937423822E-002   
 142         1           -1.3123174387094192E-003  
 143         1           -1.3123190022992345E-003  
 144         1           2.5565156341838185E-002   
 1           2           -3.4833521696432473E-003  
 2           2           0.99999999999998068  
 3           2           2.6524754453892619E-004   
 4           2           1.2874121140689040E-004   
 5           2           -1.4806228108338402E-003  
 6           2           8.9362599121875164E-002   
 7           2           1.0164806881382476E-004   
 8           2           6.9431401201852964E-004   
 9           2           -3.5271905556943066E-004  
 10          2           -2.5881378802904663E-002  
 11          2           3.8211898362423017E-005   
 12          2           4.2280565596175242E-004   
 13          2           -9.9675968348142412E-006  
 14          2           1.4464114224297753E-003   
 15          2           -3.8670303679392826E-006  
 16          2           2.2871627557354371E-005   
 17          2           -6.0250286923123023E-007  
 18          2           1.0331153847459991E-006   
 19          2           2.6465900253192585E-008   
 20          2           8.0419297702552185E-007   
 129         2           -4.6689540059354857E-007  
 130         2           1.6378701682709553E-006   
 131         2           6.7594221113995968E-008   
 132         2           -5.9859821710344990E-007  
 133         2           -9.9463310924448432E-007  
 134         2           1.4465170722848439E-003   
 135         2           -3.8674048391606177E-006  
 136         2           -9.1754570405596115E-006  
 137         2           -2.0236280289758149E-004  
 138         2           -2.4376354006110077E-002  
 139         2           3.0341425674515832E-005   
 140         2           -2.1596042893781180E-004  
 141         2           -1.4999021059571304E-003  
 142         2           8.8502910726451500E-002   
 143         2           1.0321497523672131E-004   
 144         2           -6.4070895643275985E-004  
 1           3           -3.4833488276245880E-003  
 2           3           2.6524754453892619E-004   
 3           3           0.99999999999998745  
 4           3           1.2873987512871255E-004   
 5           3           -1.4806223322433572E-003  
 6           3           1.0164773900106095E-004   
 7           3           8.9362600435805975E-002   
 8           3           6.9431432926808200E-004   
 9           3           -3.5271887924820101E-004  
 10          3           3.8211739558017878E-005   
 11          3           -2.5881379307569806E-002  
 12          3           4.2280542543977163E-004   
 13          3           -9.9676007958411280E-006  
 14          3           -3.8670256130136491E-006  
 15          3           1.4464114211427462E-003   
 16          3           2.2871641520751440E-005   
 17          3           -6.0250198341954246E-007  
 18          3           2.6465847821273403E-008   
 19          3           1.0331151750871828E-006   
 20          3           8.0419166684664015E-007   
 129         3           -4.6689484468873034E-007  
 130         3           6.7594186616477186E-008   
 131         3           1.6378699545240022E-006   
 132         3           -5.9859739905996481E-007  
 133         3           -9.9459585871785448E-007  
 134         3           -3.8674095949796312E-006  
 135         3           1.4465170709990992E-003   
 136         3           -9.1754187046625173E-006  
 137         3           -2.0236291235102428E-004  
 138         3           3.0341430574032202E-005   
 139         3           -2.4376354368138849E-002  
 140         3           -2.1596055612266131E-004  
 141         3           -1.4999005869974899E-003  
 142         3           1.0321445124677423E-004   
 143         3           8.8502911832767303E-002   
 144         3           -6.4071074216013647E-004  
 1           4           -1.6310650547517406E-003  
 2           4           1.2874121140689040E-004   
 3           4           1.2873987512871255E-004   
 4           4           0.99999999999997702  
 5           4           2.5567025329125286E-002   
 6           4           -8.1402043205661861E-004  
 7           4           -8.1402351920951651E-004  
 8           4           -8.1865791314914595E-003  
 9           4           2.1828938668017376E-003   
 10          4           -1.5332285975653483E-004  
 11          4           -1.5332376945609004E-004  
 12          4           -6.3782935139209971E-003  
 13          4           2.1003820724810440E-004   
 14          4           -9.1761201635284161E-006  
 15          4           -9.1760818309574408E-006  
 16          4           -2.7555499212605011E-004  
 17          4           -3.0548051690802681E-007  
 18          4           9.1886719876145884E-009   
 19          4           9.1882866126461784E-009   
 20          4           4.1252787006460575E-007   
 129         4           -3.8876830686943697E-007  
 130         4           7.9938161952095671E-008   
 131         4           7.9938751507498317E-008   
 132         4           -5.0520164407789514E-007  
 133         4           -2.0050200670236522E-004  
 134         4           2.2872751630148286E-005   
 135         4           2.2872765595272214E-005   
 136         4           -2.7556681000942269E-004  
 137         4           -2.0492884211880647E-003  
 138         4           -1.0090108397320857E-004  
 139         4           -1.0090026093737635E-004  
 140         4           -6.6253640603029162E-003  
 141         4           -2.4485770210342192E-002  
 142         4           7.9251869944354223E-004   
 143         4           7.9251773630465479E-004   
 144         4           -8.5144647969588698E-003  
 1           5           1.5101992330758660E-002   
 2           5           -1.4806228108338402E-003  
 3           5           -1.4806223322433572E-003  
 4           5           2.5567025329125286E-002   
 5           5           0.99999999999998757  
 6           5           -3.3338147776363781E-003  
 7           5           -3.3338143067067130E-003  
 8           5           -2.0209080321050678E-003  
 9           5           1.4274215248276790E-002   
 10          5           -1.2813165683733714E-003  
 11          5           -1.2813176036868617E-003  
 12          5           -2.4255724535228434E-002  
 13          5           -1.8076372410058066E-003  
 14          5           -2.0235581797883864E-004  
 15          5           -2.0235592744418323E-004  
 16          5           -2.0492560540283857E-003  
 17          5           2.5720489434194211E-004   
 18          5           8.0173191258861965E-006   
 19          5           8.0173256365305659E-006   
 20          5           -2.7880399290484829E-004  
 21          5           3.0541906846162978E-006   
 22          5           -2.5170720893668917E-007  
 23          5           -2.5170712991864205E-007  
 24          5           -4.1607252509026412E-006  
 133         5           -2.4975635949494116E-007  
 134         5           -6.0246839172325005E-007  
 135         5           -6.0246750589166345E-007  
 136         5           -3.0544263938373076E-007  
 137         5           2.5721346392553314E-004   
 138         5           3.1359628572334698E-006   
 139         5           3.1359559464662728E-006   
 140         5           2.7786835554747538E-004   
 141         5           -2.4736617260487600E-003  
 142         5           -3.6188462478384400E-004  
 143         5           -3.6188509622215459E-004  
 144         5           1.6738551703835418E-003   
 1           6           -1.3946512060501626E-003  
 2           6           8.9362599121875164E-002   
 3           6           1.0164773900106095E-004   
 4           6           -8.1402043205661861E-004  
 5           6           -3.3338147776363781E-003  
 6           6           0.99999999999997835  
 7           6           2.1979903839241353E-004   
 8           6           1.9956405596186879E-004   
 9           6           -1.3129489019102832E-003  
 10          6           8.6720733349974072E-002   
 11          6           1.4758304380392318E-004   
 12          6           8.7553568476212991E-004   
 13          6           1.0765467124359159E-004   
 14          6           -2.4376409411114786E-002  
 15          6           3.0341402625836106E-005   
 16          6           -1.0089703492452540E-004  
 17          6           3.1378203128079028E-006   
 18          6           1.0763354571487606E-003   
 19          6           -8.6841130649977406E-007  
 20          6           5.8585169500308826E-007   
 21          6           -6.7955110256655280E-007  
 22          6           2.5385988306980852E-005   
 23          6           -9.7406511822464061E-008  
 24          6           8.6569322347903748E-007   
 133         6           6.9536712844884643E-009   
 134         6           1.0330766800327472E-006   
 135         6           2.6460725356542849E-008   
 136         6           9.1849527332547739E-009   
 137         6           8.0194011744568989E-006   
 138         6           1.0763696253971269E-003   
 139         6           -8.6837353130150491E-007  
 140         6           -2.0655295512755327E-006  
 141         6           -3.9913593108298952E-004  
 142         6           -2.5119377287650964E-002  
 143         6           -3.0417720679405511E-006  
 144         6           -3.1659155585551317E-004  
 1           7           -1.3946525081743534E-003  
 2           7           1.0164806881382476E-004   
 3           7           8.9362600435805975E-002   
 4           7           -8.1402351920951651E-004  
 5           7           -3.3338143067067130E-003  
 6           7           2.1979903839241353E-004   
 7           7           0.99999999999998357  
 8           7           1.9956351027391764E-004   
 9           7           -1.3129483029940001E-003  
 10          7           1.4758289835819282E-004   
 11          7           8.6720736807819096E-002   
 12          7           8.7553630201742214E-004   
 13          7           1.0765387886818735E-004   
 14          7           3.0341397725884026E-005   
 15          7           -2.4376409773092592E-002  
 16          7           -1.0089621188471078E-004  
 17          7           3.1378134010416864E-006   
 18          7           -8.6839297946512206E-007  
 19          7           1.0763354784230571E-003   
 20          7           5.8586903346920456E-007   
 21          7           -6.7954969608083826E-007  
 22          7           -9.7406694995296504E-008  
 23          7           2.5385983193361603E-005   
 24          7           8.6569164188331189E-007   
 133         7           6.9534175772451566E-009   
 134         7           2.6460777767248071E-008   
 135         7           1.0330764703727331E-006   
 136         7           9.1845673917419485E-009   
 137         7           8.0194076862307377E-006   
 138         7           -8.6839185847283499E-007  
 139         7           1.0763696466750360E-003   
 140         7           -2.0655267287036433E-006  
 141         7           -3.9913650653684591E-004  
 142         7           -3.0417208812637181E-006  
 143         7           -2.5119377909279119E-002  
 144         7           -3.1659225746581926E-004  
 1           8           -2.4394345771210919E-002  
 2           8           6.9431401201852964E-004   
 3           8           6.9431432926808200E-004   
 4           8           -8.1865791314914595E-003  
 5           8           -2.0209080321050678E-003  
 6           8           1.9956405596186879E-004   
 7           8           1.9956351027391764E-004   
 8           8           0.99999999999998002  
 9           8           2.5351829204818890E-002   
 10          8           -9.4648454876210383E-004  
 11          8           -9.4648573015591343E-004  
 12          8           -9.2222255887468210E-003  
 13          8           1.8154263484867548E-003   
 14          8           -2.1595385411724564E-004  
 15          8           -2.1595398130453162E-004  
 16          8           -6.6254783516847124E-003  
 17          8           2.7784069207243729E-004   
 18          8           -2.0673894991777609E-006  
 19          8           -2.0673866783560923E-006  
 20          8           -3.6944431085889149E-004  
 21          8           3.8185201967170286E-006   
 22          8           -3.2141522049832526E-007  
 23          8           -3.2141516841145390E-007  
 24          8           -5.2193891424683840E-006  
 133         8           3.3736261651940411E-007   
 134         8           8.0415531612350278E-007   
 135         8           8.0415400590212130E-007   
 136         8           4.1248126915863667E-007   
 137         8           -2.7880889289657717E-004  
 138         8           5.8724700285107435E-007   
 139         8           5.8726433855924386E-007   
 140         8           -3.6946330046967729E-004  
 141         8           -1.5118220129351203E-003  
 142         8           2.7727972518453987E-004   
 143         8           2.7728007274703369E-004   
 144         8           -6.7173700641802161E-003  
 1           9           -1.9578066160103082E-003  
 2           9           -3.5271905556943066E-004  
 3           9           -3.5271887924820101E-004  
 4           9           2.1828938668017376E-003   
 5           9           1.4274215248276790E-002   
 6           9           -1.3129489019102832E-003  
 7           9           -1.3129483029940001E-003  
 8           9           2.5351829204818890E-002   
 9           9           0.99999999999997924  
 10          9           -3.2929429889691350E-003  
 11          9           -3.2929431719993271E-003  
 12          9           -2.4501298315524529E-003  
 13          9           1.5467021013865771E-002   
 14          9           -1.4999379564461103E-003  
 15          9           -1.4999364375222631E-003  
 16          9           -2.4485661553223331E-002  
 17          9           -2.4736446816277140E-003  
 18          9           -3.9911646475869369E-004  
 19          9           -3.9911704021681864E-004  
 20          9           -1.5117749247309281E-003  
 21          9           2.6717283937711576E-004   
 22          9           7.4355067867139794E-006   
 23          9           7.4355261240621982E-006   
 24          9           -2.9435288955771184E-004  
 25          9           2.3277886054131874E-007   
 26          9           -4.6689331171448374E-007  
 27          9           -4.6689275580618770E-007  
 28          9           -3.8893404645214591E-007  
 137         9           3.0539197466993112E-006   
 138         9           -6.7951275843773945E-007  
 139         9           -6.7951135193506657E-007  
 140         9           3.8183723162042041E-006   
 141         9           2.6717672728880881E-004   
 142         9           7.5091782782672882E-006   
 143         9           7.5091584897807803E-006   
 144         9           2.9453968449992052E-004   
 1           10          -1.8229510609345359E-004  
 2           10          -2.5881378802904663E-002  
 3           10          3.8211739558017878E-005   
 4           10          -1.5332285975653483E-004  
 5           10          -1.2813165683733714E-003  
 6           10          8.6720733349974072E-002   
 7           10          1.4758289835819282E-004   
 8           10          -9.4648454876210383E-004  
 9           10          -3.2929429889691350E-003  
 10          10          0.99999999999997990  
 11          10          1.9080641362772261E-004   
 12          10          1.8513658345057314E-004   
 13          10          -1.3122704876740859E-003  
 14          10          8.8503199757889617E-002   
 15          10          1.0321189144556386E-004   
 16          10          7.9250888246227039E-004   
 17          10          -3.6190317642251414E-004  
 18          10          -2.5119420562699318E-002  
 19          10          -3.0413199462667706E-006  
 20          10          2.7728006022738691E-004   
 21          10          7.5120527748416437E-006   
 22          10          1.0439271110533924E-003   
 23          10          -3.0731288050620492E-007  
 24          10          1.7766298379897156E-006   
 25          10          -5.1104317000126080E-008  
 26          10          1.6376552139630494E-006   
 27          10          6.7579592759556972E-008   
 28          10          7.9955228967590627E-008   
 137         10          -2.5167459276448594E-007  
 138         10          2.5386263012080960E-005   
 139         10          -9.7410126008046658E-008  
 140         10          -3.2138299339102301E-007  
 141         10          7.4379377337736536E-006   
 142         10          1.0439715237880126E-003   
 143         10          -3.0721265287241137E-007  
 144         10          -1.7958211775509372E-006  
 1           11          -1.8229590113546721E-004  
 2           11          3.8211898362423017E-005   
 3           11          -2.5881379307569806E-002  
 4           11          -1.5332376945609004E-004  
 5           11          -1.2813176036868617E-003  
 6           11          1.4758304380392318E-004   
 7           11          8.6720736807819096E-002   
 8           11          -9.4648573015591343E-004  
 9           11          -3.2929431719993271E-003  
 10          11          1.9080641362772261E-004   
 11          11          0.99999999999997768  
 12          11          1.8513613895605044E-004   
 13          11          -1.3122720513081350E-003  
 14          11          1.0321241543641193E-004   
 15          11          8.8503200864153475E-002   
 16          11          7.9250791935518098E-004   
 17          11          -3.6190364783674200E-004  
 18          11          -3.0413711237744962E-006  
 19          11          -2.5119421184311722E-002  
 20          11          2.7728040776250787E-004   
 21          11          7.5120329864154199E-006   
 22          11          -3.0732223490203194E-007  
 23          11          1.0439271666355340E-003   
 24          11          1.7766668302901207E-006   
 25          11          -5.1104713713543107E-008  
 26          11          6.7579627216025771E-008   
 27          11          1.6376550002422532E-006   
 28          11          7.9955818334181305E-008   
 137         11          -2.5167451373414578E-007  
 138         11          -9.7409942865425683E-008  
 139         11          2.5386257898205342E-005   
 140         11          -3.2138294128500770E-007  
 141         11          7.4379570745733555E-006   
 142         11          -3.0720329686502032E-007  
 143         11          1.0439715793753885E-003   
 144         11          -1.7957949554291950E-006  
 1           12          -1.2115208310299139E-003  
 2           12          4.2280565596175242E-004   
 3           12          4.2280542543977163E-004   
 4           12          -6.3782935139209971E-003  
 5           12          -2.4255724535228434E-002  
 6           12          8.7553568476212991E-004   
 7           12          8.7553630201742214E-004   
 8           12          -9.2222255887468210E-003  
 9           12          -2.4501298315524529E-003  
 10          12          1.8513658345057314E-004   
 11          12          1.8513613895605044E-004   
 12          12          0.99999999999998201  
 13          12          2.5564879066051299E-002   
 14          12          -6.4070420476756160E-004  
 15          12          -6.4070599051868865E-004  
 16          12          -8.5142803587514391E-003  
 17          12          1.6740550011738655E-003   
 18          12          -3.1658316918440108E-004  
 19          12          -3.1658387080862443E-004  
 20          12          -6.7174488918079929E-003  
 21          12          2.9451499509614677E-004   
 22          12          -1.7971609369050849E-006  
 23          12          -1.7971347195739425E-006  
 24          12          -3.9251788668804742E-004  
 25          12          3.0222155144144501E-007   
 26          12          -5.9856811362166980E-007  
 27          12          -5.9856729557551857E-007  
 28          12          -5.0539507764304983E-007  
 137         12          -4.1603476769335772E-006  
 138         12          8.6564680728965402E-007   
 139         12          8.6564522571928531E-007   
 140         12          -5.2191750347033268E-006  
 141         12          -2.9434526674689730E-004  
 142         12          1.7784016892894528E-006   
 143         12          1.7784386809143171E-006   
 144         12          -3.9252731551798055E-004  
 1           13          1.9198931857948760E-004   
 2           13          -9.9675968348142412E-006  
 3           13          -9.9676007958411280E-006  
 4           13          2.1003820724810440E-004   
 5           13          -1.8076372410058066E-003  
 6           13          1.0765467124359159E-004   
 7           13          1.0765387886818735E-004   
 8           13          1.8154263484867548E-003   
 9           13          1.5467021013865771E-002   
 10          13          -1.3122704876740859E-003  
 11          13          -1.3122720513081350E-003  
 12          13          2.5564879066051299E-002   
 13          13          0.99999999999998568  
 14          13          -3.4833505627295336E-003  
 15          13          -3.4833472206690203E-003  
 16          13          -1.6317736273515286E-003  
 17          13          1.5102191488202608E-002   
 18          13          -1.3947050006354270E-003  
 19          13          -1.3947063027259557E-003  
 20          13          -2.4394343267553274E-002  
 21          13          -1.9579008200164187E-003  
 22          13          -1.8226713925569723E-004  
 23          13          -1.8226793433873112E-004  
 24          13          -1.2112797770069612E-003  
 25          13          1.9198259110692032E-004   
 26          13          -9.9785452155969237E-007  
 27          13          -9.9781727876198110E-007  
 28          13          -2.0050121443739087E-004  
 29          13          -2.4984409693119319E-007  
 30          13          6.9634386846282629E-009   
 31          13          6.9631849048453364E-009   
 32          13          3.3747525502473656E-007   
 141         13          2.3272460995264086E-007   
 142         13          -5.1099643368911558E-008  
 143         13          -5.1100040186345846E-008  
 144         13          3.0215716890915101E-007   
 1           14          -9.9512399481470913E-007  
 2           14          1.4464114224297753E-003   
 3           14          -3.8670256130136491E-006  
 4           14          -9.1761201635284161E-006  
 5           14          -2.0235581797883864E-004  
 6           14          -2.4376409411114786E-002  
 7           14          3.0341397725884026E-005   
 8           14          -2.1595385411724564E-004  
 9           14          -1.4999379564461103E-003  
 10          14          8.8503199757889617E-002   
 11          14          1.0321241543641193E-004   
 12          14          -6.4070420476756160E-004  
 13          14          -3.4833505627295336E-003  
 14          14          0.99999999999997968  
 15          14          2.6524773300479508E-004   
 16          14          1.2876972703475476E-004   
 17          14          -1.4805553065825843E-003  
 18          14          8.9362548874964018E-002   
 19          14          1.0164878078277588E-004   
 20          14          6.9430437454021761E-004   
 21          14          -3.5275017157516085E-004  
 22          14          -2.5881537003847353E-002  
 23          14          3.8209149483009886E-005   
 24          14          4.2280869234585425E-004   
 25          14          -9.9637497633335186E-006  
 26          14          1.4464065696395388E-003   
 27          14          -3.8667611349027735E-006  
 28          14          2.2868388237893913E-005   
 29          14          -6.0252166583099690E-007  
 30          14          1.0331776263361887E-006   
 31          14          2.6475746384639571E-008   
 32          14          8.0421458759046025E-007   
 141         14          -4.6690496883593893E-007  
 142         14          1.6377959949058910E-006   
 143         14          6.7590874185726392E-008   
 144         14          -5.9859613712219100E-007  
 1           15          -9.9508674803539942E-007  
 2           15          -3.8670303679392826E-006  
 3           15          1.4464114211427462E-003   
 4           15          -9.1760818309574408E-006  
 5           15          -2.0235592744418323E-004  
 6           15          3.0341402625836106E-005   
 7           15          -2.4376409773092592E-002  
 8           15          -2.1595398130453162E-004  
 9           15          -1.4999364375222631E-003  
 10          15          1.0321189144556386E-004   
 11          15          8.8503200864153475E-002   
 12          15          -6.4070599051868865E-004  
 13          15          -3.4833472206690203E-003  
 14          15          2.6524773300479508E-004   
 15          15          0.99999999999997824  
 16          15          1.2876839074109342E-004   
 17          15          -1.4805548280028007E-003  
 18          15          1.0164845097011160E-004   
 19          15          8.9362550188858442E-002   
 20          15          6.9430469176669284E-004   
 21          15          -3.5274999526275136E-004  
 22          15          3.8208990675230460E-005   
 23          15          -2.5881537508444255E-002  
 24          15          4.2280846182522839E-004   
 25          15          -9.9637537234752373E-006  
 26          15          -3.8667563815677196E-006  
 27          15          1.4464065683484860E-003   
 28          15          2.2868402199351235E-005   
 29          15          -6.0252078009676181E-007  
 30          15          2.6475693903864378E-008   
 31          15          1.0331774166718474E-006   
 32          15          8.0421327754633249E-007   
 141         15          -4.6690441293615118E-007  
 142         15          6.7590839690294025E-008   
 143         15          1.6377957811788864E-006   
 144         15          -5.9859531909670918E-007  
 1           16          -2.0049482234017166E-004  
 2           16          2.2871627557354371E-005   
 3           16          2.2871641520751440E-005   
 4           16          -2.7555499212605011E-004  
 5           16          -2.0492560540283857E-003  
 6           16          -1.0089703492452540E-004  
 7           16          -1.0089621188471078E-004  
 8           16          -6.6254783516847124E-003  
 9           16          -2.4485661553223331E-002  
 10          16          7.9250888246227039E-004   
 11          16          7.9250791935518098E-004   
 12          16          -8.5142803587514391E-003  
 13          16          -1.6317736273515286E-003  
 14          16          1.2876972703475476E-004   
 15          16          1.2876839074109342E-004   
 16          16          0.99999999999997824  
 17          16          2.5566699691779514E-002   
 18          16          -8.1401639572060080E-004  
 19          16          -8.1401948293676157E-004  
 20          16          -8.1864067593581547E-003  
 21          16          2.1829576231081095E-003   
 22          16          -1.5331299993562571E-004  
 23          16          -1.5331390967074983E-004  
 24          16          -6.3781957865216609E-003  
 25          16          2.1001143642764057E-004   
 26          16          -9.1783275331579942E-006  
 27          16          -9.1782892061021588E-006  
 28          16          -2.7554248611095947E-004  
 29          16          -3.0559113100860898E-007  
 30          16          9.1998577882207651E-009   
 31          16          9.1994723276378399E-009   
 32          16          4.1267456723395632E-007   
 141         16          -3.8884261840571110E-007  
 142         16          7.9947336490822051E-008   
 143         16          7.9947926019179425E-008   
 144         16          -5.0528641512087024E-007  
 1           17          -2.4978742008350832E-007  
 2           17          -6.0250286923123023E-007  
 3           17          -6.0250198341954246E-007  
 4           17          -3.0548051690802681E-007  
 5           17          2.5720489434194211E-004   
 6           17          3.1378203128079028E-006   
 7           17          3.1378134010416864E-006   
 8           17          2.7784069207243729E-004   
 9           17          -2.4736446816277140E-003  
 10          17          -3.6190317642251414E-004  
 11          17          -3.6190364783674200E-004  
 12          17          1.6740550011738655E-003   
 13          17          1.5102191488202608E-002   
 14          17          -1.4805553065825843E-003  
 15          17          -1.4805548280028007E-003  
 16          17          2.5566699691779514E-002   
 17          17          0.99999999999998090  
 18          17          -3.3338247867054881E-003  
 19          17          -3.3338243157585343E-003  
 20          17          -2.0219342760906859E-003  
 21          17          1.4274443288728225E-002   
 22          17          -1.2813805195990369E-003  
 23          17          -1.2813815548463380E-003  
 24          17          -2.4255760152417344E-002  
 25          17          -1.8073046907259504E-003  
 26          17          -2.0232649923564747E-004  
 27          17          -2.0232660871741709E-004  
 28          17          -2.0493623152722912E-003  
 29          17          2.5719218259485818E-004   
 30          17          8.0135064757807343E-006   
 31          17          8.0135129858696381E-006   
 32          17          -2.7880818067253218E-004  
 33          17          3.0540597467956473E-006   
 34          17          -2.5171167759873383E-007  
 35          17          -2.5171159861462605E-007  
 36          17          -4.1605817315823152E-006  
 1           18          6.9564178858203703E-009   
 2           18          1.0331153847459991E-006   
 3           18          2.6465847821273403E-008   
 4           18          9.1886719876145884E-009   
 5           18          8.0173191258861965E-006   
 6           18          1.0763354571487606E-003   
 7           18          -8.6839297946512206E-007  
 8           18          -2.0673894991777609E-006  
 9           18          -3.9911646475869369E-004  
 10          18          -2.5119420562699318E-002  
 11          18          -3.0413711237744962E-006  
 12          18          -3.1658316918440108E-004  
 13          18          -1.3947050006354270E-003  
 14          18          8.9362548874964018E-002   
 15          18          1.0164845097011160E-004   
 16          18          -8.1401639572060080E-004  
 17          18          -3.3338247867054881E-003  
 18          18          0.99999999999998201  
 19          18          2.1979602075129193E-004   
 20          18          1.9960062287303548E-004   
 21          18          -1.3128698119706363E-003  
 22          18          8.6720516339874154E-002   
 23          18          1.4758230721980401E-004   
 24          18          8.7552452351159576E-004   
 25          18          1.0760060789259095E-004   
 26          18          -2.4377277564609945E-002  
 27          18          3.0341765621113616E-005   
 28          18          -1.0087214912187658E-004  
 29          18          3.1411159814866129E-006   
 30          18          1.0764238455866072E-003   
 31          18          -8.6836107017776325E-007  
 32          18          5.8313370012443394E-007   
 33          18          -6.7953970858656752E-007  
 34          18          2.5384925858837764E-005   
 35          18          -9.7403361103589047E-008  
 36          18          8.6567850409292415E-007   
 1           19          6.9561641568491992E-009   
 2           19          2.6465900253192585E-008   
 3           19          1.0331151750871828E-006   
 4           19          9.1882866126461784E-009   
 5           19          8.0173256365305659E-006   
 6           19          -8.6841130649977406E-007  
 7           19          1.0763354784230571E-003   
 8           19          -2.0673866783560923E-006  
 9           19          -3.9911704021681864E-004  
 10          19          -3.0413199462667706E-006  
 11          19          -2.5119421184311722E-002  
 12          19          -3.1658387080862443E-004  
 13          19          -1.3947063027259557E-003  
 14          19          1.0164878078277588E-004   
 15          19          8.9362550188858442E-002   
 16          19          -8.1401948293676157E-004  
 17          19          -3.3338243157585343E-003  
 18          19          2.1979602075129193E-004   
 19          19          0.99999999999998379  
 20          19          1.9960007714289673E-004   
 21          19          -1.3128692130527813E-003  
 22          19          1.4758216177261245E-004   
 23          19          8.6720519797741771E-002   
 24          19          8.7552514077067684E-004   
 25          19          1.0759981554925664E-004   
 26          19          3.0341760725839817E-005   
 27          19          -2.4377277926508893E-002  
 28          19          -1.0087132608278349E-004  
 29          19          3.1411090657275755E-006   
 30          19          -8.6834274203833073E-007  
 31          19          1.0764238668578238E-003   
 32          19          5.8315104624977420E-007   
 33          19          -6.7953830217060868E-007  
 34          19          -9.7403544320342305E-008  
 35          19          2.5384920745561490E-005   
 36          19          8.6567692253197297E-007   
 1           20          3.3740085152578311E-007   
 2           20          8.0419297702552185E-007   
 3           20          8.0419166684664015E-007   
 4           20          4.1252787006460575E-007   
 5           20          -2.7880399290484829E-004  
 6           20          5.8585169500308826E-007   
 7           20          5.8586903346920456E-007   
 8           20          -3.6944431085889149E-004  
 9           20          -1.5117749247309281E-003  
 10          20          2.7728006022738691E-004   
 11          20          2.7728040776250787E-004   
 12          20          -6.7174488918079929E-003  
 13          20          -2.4394343267553274E-002  
 14          20          6.9430437454021761E-004   
 15          20          6.9430469176669284E-004   
 16          20          -8.1864067593581547E-003  
 17          20          -2.0219342760906859E-003  
 18          20          1.9960062287303548E-004   
 19          20          1.9960007714289673E-004   
 20          20          0.99999999999997891  
 21          20          2.5351514558695387E-002   
 22          20          -9.4648473367409211E-004  
 23          20          -9.4648591510544558E-004  
 24          20          -9.2222385508010252E-003  
 25          20          1.8158910203071046E-003   
 26          20          -2.1593868149743232E-004  
 27          20          -2.1593880868513523E-004  
 28          20          -6.6256177564108943E-003  
 29          20          2.7780364435743375E-004   
 30          20          -2.0699241285306997E-006  
 31          20          -2.0699213094970393E-006  
 32          20          -3.6942335403248818E-004  
 33          20          3.8181652982407084E-006   
 34          20          -3.2142231687596093E-007  
 35          20          -3.2142226483560799E-007  
 36          20          -5.2189504541069442E-006  
 5           21          3.0541906846162978E-006   
 6           21          -6.7955110256655280E-007  
 7           21          -6.7954969608083826E-007  
 8           21          3.8185201967170286E-006   
 9           21          2.6717283937711576E-004   
 10          21          7.5120527748416437E-006   
 11          21          7.5120329864154199E-006   
 12          21          2.9451499509614677E-004   
 13          21          -1.9579008200164187E-003  
 14          21          -3.5275017157516085E-004  
 15          21          -3.5274999526275136E-004  
 16          21          2.1829576231081095E-003   
 17          21          1.4274443288728225E-002   
 18          21          -1.3128698119706363E-003  
 19          21          -1.3128692130527813E-003  
 20          21          2.5351514558695387E-002   
 21          21          0.99999999999998024  
 22          21          -3.2929715084615728E-003  
 23          21          -3.2929716914882061E-003  
 24          21          -2.4513056534536909E-003  
 25          21          1.5467189019007893E-002   
 26          21          -1.4999989641325431E-003  
 27          21          -1.4999974452539673E-003  
 28          21          -2.4485782717130752E-002  
 29          21          -2.4734383622831446E-003  
 30          21          -3.9909391397013920E-004  
 31          21          -3.9909448943532697E-004  
 32          21          -1.5117877565814278E-003  
 33          21          2.6717018913598677E-004   
 34          21          7.4327652153894682E-006   
 35          21          7.4327845499846656E-006   
 36          21          -2.9437143859352422E-004  
 37          21          2.3279213968708124E-007   
 38          21          -4.6685727250204351E-007  
 39          21          -4.6685671658855072E-007  
 40          21          -3.8896091074106518E-007  
 5           22          -2.5170720893668917E-007  
 6           22          2.5385988306980852E-005   
 7           22          -9.7406694995296504E-008  
 8           22          -3.2141522049832526E-007  
 9           22          7.4355067867139794E-006   
 10          22          1.0439271110533924E-003   
 11          22          -3.0732223490203194E-007  
 12          22          -1.7971609369050849E-006  
 13          22          -1.8226713925569723E-004  
 14          22          -2.5881537003847353E-002  
 15          22          3.8208990675230460E-005   
 16          22          -1.5331299993562571E-004  
 17          22          -1.2813805195990369E-003  
